date,symbol,open,high,low,close,volume,adjclose,dividends,change,factor
2021-08-05,sz001211,0.8332456581732296,1.0,0.8332456581732296,1.0,8479372.582092285,37.366737365722656,0.0,,0.02630194602735204
2021-08-06,sz001211,1.0999473634026191,1.0999473634026191,1.0999473634026191,1.0999473634026191,3767782.084532439,41.101444244384766,0.0,0.09994737483714533,0.026301945753929603
2021-08-09,sz001211,1.2098894529366955,1.2098894529366955,1.2098894529366955,1.2098894529366955,5709996.052309969,45.20962142944336,0.0,0.09995218401910022,0.026301944629058594
2021-08-10,sz001211,1.3308783689642192,1.3308783689642192,1.1312466035861908,1.223040435238099,423711328.8074689,45.70103073120117,0.0,0.010869565217391353,0.026301944843830086
2021-08-11,sz001211,1.1570226507436767,1.1783271628278125,1.1007364019230939,1.1007364019230939,185434529.87585363,41.13092803955078,0.0,-0.10000003281460024,0.02630194604675457
2021-08-12,sz001211,1.0441872316545868,1.0783797399269424,0.9994739052981416,1.028669080164231,241075442.51305425,38.43800735473633,0.0,-0.06547187487865413,0.026301944876266886
2021-08-13,sz001211,1.0136769645086392,1.03103624385498,1.000525992266443,1.015255016963971,127670712.78675275,37.936767578125,0.0,-0.013040197603461312,0.026301944484392575
2021-08-16,sz001211,1.01525507296768,1.0455023509268204,1.0055233810651407,1.0186743540327738,125925663.75703463,38.06453704833984,0.0,0.003367903452182741,0.02630194593526592
2021-08-17,sz001211,1.0099947890343626,1.0515518124665146,0.9613361276499625,1.013940020821878,189157064.24011192,37.88763046264648,0.0,-0.0046475679654859325,0.026301946585957737
2021-08-18,sz001211,0.9752762028749057,1.019463379713307,0.9752762028749057,1.006049431441036,111626227.53947844,37.5927848815918,0.0,-0.007782081530422924,0.026301945920027086
2021-08-19,sz001211,0.9992109043510016,1.0084165446878441,0.9642292704030908,0.9644922456981628,89579423.55802688,36.0399284362793,0.0,-0.04130723741319442,0.026301944201212464
2021-08-20,sz001211,0.9495002366289553,0.9539716197458199,0.9113624941452769,0.9134665977095934,95246714.10139796,34.13326644897461,0.0,-0.052904246620658624,0.02630194672472413
2021-08-23,sz001211,0.9137296268834809,0.926880599576868,0.912151474040049,0.9231982429421939,65078037.94850487,34.49690628051758,0.0,0.010653582976147158,0.02630194538677429
2021-08-24,sz001211,0.9179379556074111,0.9255654436942138,0.9163598027270581,0.9182009309204892,48472116.85011685,34.31017303466797,0.0,-0.005413066523323851,0.02630194600211537
2021-08-25,sz001211,0.9182009072613718,0.9300368027241426,0.9182009072613718,0.9292477764712777,57479892.88828808,34.722957611083984,0.0,0.01203099356855808,0.026301945324397887
2021-08-26,sz001211,0.928458616119447,0.9658074292954962,0.9168857967178027,0.9397684602243528,80678978.34166358,35.11608123779297,0.0,0.011321757442708247,0.026301944367882097
2021-08-27,sz001211,0.9379274036264729,0.9381903789432533,0.9126775591891187,0.9126775591891187,55608736.300014935,34.103782653808594,0.0,-0.028827282185641123,0.026301946372401328
2021-08-30,sz001211,0.8811151315604355,0.8942661036732777,0.869542312221358,0.8705943137365798,92198849.60564648,32.53126907348633,0.0,-0.04610957503283997,0.026301944225684642
2021-08-31,sz001211,0.871383477368478,0.879274040905142,0.8385059955204327,0.8445554810766532,70811948.53005393,31.55828285217285,0.0,-0.029909302399018234,0.026301945344852685
2021-09-01,sz001211,0.8508678827487046,0.8627037780951571,0.83508675584274,0.8471856264929101,51177697.94692829,31.65656280517578,0.0,0.0031142470327096827,0.02630194506591307
2021-09-02,sz001211,0.847448736496078,0.8642819659674451,0.8440294554053434,0.8556022755834178,38669039.730987206,31.971065521240234,0.0,0.009934793664073016,0.026301946132501867
2021-09-03,sz001211,0.8550761577261762,0.8627037455880293,0.8471855945705145,0.8577064123340329,40952562.173162,32.04969024658203,0.0,0.0024593247481337066,0.02630194407484208
2021-09-06,sz001211,0.8640188611499816,0.8774329094117204,0.8574433748388434,0.8663860402353497,52845102.78903607,32.374019622802734,0.0,0.010119534197514435,0.02630194524455297
2021-09-07,sz001211,0.8766439143698227,0.9029458605507263,0.8695423768609032,0.8745397105150485,45946904.14496457,32.67869567871094,0.0,0.009411092477692229,0.026301946180903715
2021-09-08,sz001211,0.8834823983602756,0.8929511152760171,0.8684902966883402,0.8821673210850816,49671988.46383342,32.963714599609375,0.0,0.00872183204593524,0.026301946839741505
2021-09-09,sz001211,0.8876906192150603,0.8876906192150603,0.8732245699316797,0.8769068260764725,29856538.050875857,32.767147064208984,0.0,-0.00596305180322354,0.02630194427303882
2021-09-10,sz001211,0.8758548131599541,0.9000526565218624,0.8684903001225741,0.8824302998958906,36868069.19936271,32.973541259765625,0.0,0.006298712762793812,0.02630194694374616
2021-09-13,sz001211,0.8811151679305211,0.8987374231288314,0.8719095272051293,0.8853234751669803,48787912.255517684,33.08164978027344,0.0,0.003278706791446151,0.02630194531135884
2021-09-14,sz001211,0.8911099317137544,0.898211468959776,0.8769068572217115,0.8850604963561713,67415964.33384661,33.07182312011719,0.0,-0.00029703866840546933,0.026301945207209153
2021-09-15,sz001211,0.8863755594911514,0.9003155581230067,0.8774328942491795,0.8842713557476489,38871650.29664071,33.042335510253906,0.0,-0.000891607507686687,0.02630194479004036
2021-09-16,sz001211,0.8787480162735288,0.8861125290837615,0.8553393002690362,0.8556022755834178,44494806.357839644,31.971065521240234,0.0,-0.03242118343894851,0.026301946132501867
2021-09-17,sz001211,0.8653340408515857,0.8811151679043486,0.827985226336907,0.8350867636108379,100460744.20728756,31.2044677734375,0.0,-0.023977829959012764,0.026301945310577574
2021-09-22,sz001211,0.8174644476111459,0.8495528024124798,0.8024723470058756,0.8093108587176965,62493553.308505915,30.24130630493164,0.0,-0.03086612731452998,0.02630194496839849
2021-09-23,sz001211,0.8103629317309432,0.8203576991751669,0.8061546244387375,0.8074697518219144,33660513.61568895,30.172510147094727,0.0,-0.002274933174612803,0.02630194565977597
2021-09-24,sz001211,0.8100999048908987,0.8114150322718622,0.7916885730602301,0.7916885730602301,42462980.35615369,29.58281898498535,0.0,-0.01954398588139572,0.02630194561550944
2021-09-27,sz001211,0.7985270618737726,0.8011572162257642,0.7738032196626209,0.7745922960684055,35024025.98182307,28.943986892700195,0.0,-0.02159467143829108,0.02630194485574241
2021-09-28,sz001211,0.7772224466014879,0.7848500346523244,0.7695949087176297,0.7806417275094416,19371457.3313099,29.170034408569336,0.0,0.007809831452560312,0.02630194472650691
2021-09-29,sz001211,0.7790636660957855,0.7851131016629056,0.7540767972166637,0.7548658736603241,32066068.27526979,28.20687484741211,0.0,-0.033018852161717405,0.026301946118241524
2021-09-30,sz001211,0.7624933784580571,0.7706469673498407,0.7601261993980266,0.765386608457423,21451493.446327608,28.600000381469727,0.0,0.013937268567839167,0.026301944963024994
2021-10-08,sz001211,0.7760913059164312,0.7798379372660781,0.7592314137989964,0.7790351168591672,27925545.402687073,29.11000061035156,0.013380884584766054,0.0003436504725340406,0.02676176916953211
2021-10-11,sz001211,0.774753237875564,0.7862607557414828,0.7702037350749826,0.7760913059164312,17120205.958641052,29.0,0.0,-0.003778791069912968,0.02676176916953211
2021-10-12,sz001211,0.772077050749806,0.7763589297334094,0.7643161131895103,0.7763589297334094,17234847.10887909,29.01000022888184,0.0,0.00034483547868413567,0.02676176916953211
2021-10-13,sz001211,0.7809084325339907,0.8199805910203762,0.7760913059164312,0.8143606439959059,66703587.07197571,30.43000030517578,0.0,0.0489486406442774,0.02676176916953211
2021-10-14,sz001211,0.8100787650123026,0.8234596495970686,0.7924160014439332,0.8135577725449714,41615260.67073059,30.399999618530277,0.0,-0.0009858917628864372,0.02676176916953211
2021-10-15,sz001211,0.810614012646259,0.810614012646259,0.7950921375256675,0.7961626327935802,23422255.68231964,29.75,0.0,-0.021381566667325602,0.02676176916953211
2021-10-18,sz001211,0.7983035722853817,0.7983035722853817,0.7790351168591672,0.789204566684219,16508624.56817627,29.489999771118164,0.0,-0.008739503491826395,0.02676176916953211
2021-10-19,sz001211,0.7886693190502625,0.8009797594111399,0.7814436801679471,0.7843874400666594,18324648.00415039,29.309999465942383,0.0,-0.0061037743836156455,0.02676176916953211
2021-10-20,sz001211,0.789204566684219,0.789204566684219,0.7734151187906733,0.7736827426076514,22805106.647987366,28.90999984741211,0.0,-0.01364720661271468,0.02676176916953211
2021-10-21,sz001211,0.7712741792988715,0.7782322454082327,0.766457052681312,0.7712741792988715,13792249.595375061,28.81999969482422,0.0,-0.0031131149451025797,0.02676176916953211
2021-10-22,sz001211,0.7694008636240481,0.7827817482088142,0.7694008636240481,0.772077050749806,20419539.4010849,28.850000381469727,0.0,0.00104096762537087,0.02676176916953211
2021-10-25,sz001211,0.7498647843808554,0.7506676047877661,0.722567767577367,0.7279201418288829,47868995.2029953,27.200000762939453,0.0,-0.05719236037133868,0.02676176916953211
2021-10-26,sz001211,0.7257792023370813,0.7324696446294643,0.7247087070691685,0.7249763308861467,19865315.9524765,27.09000015258789,0.0,-0.004044139973019445,0.02676176916953211
2021-10-27,sz001211,0.7140040096101604,0.7161449491019621,0.7016935692492832,0.7057078754599322,30741577.464042664,26.3700008392334,0.0,-0.02657804759317106,0.02676176916953211
2021-10-28,sz001211,0.706510695866843,0.7303287051376627,0.6917917432412097,0.7123983177523152,33483324.451515198,26.6200008392334,0.0,0.009480469929604496,0.02676176916953211
2021-10-29,sz001211,0.706510695866843,0.7260467751100356,0.7035669359681306,0.7145392572441168,18384733.717834473,26.700000762939453,0.0,0.0030052562428228846,0.02676176916953211
2021-11-01,sz001211,0.7089192591756227,0.7252439547031249,0.706510695866843,0.7209620757195216,15724633.051506042,26.940000534057617,0.0,0.008988755215741051,0.02676176916953211
2021-11-02,sz001211,0.7209620757195216,0.7260467751100356,0.7016935692492832,0.7035669359681306,16375897.917053223,26.290000915527344,0.0,-0.02412767652727188,0.02676176916953211
2021-11-03,sz001211,0.7035669359681306,0.7161449491019621,0.7027640645171961,0.7105249510334679,12742468.475822449,26.549999237060547,0.0,0.009889627709356308,0.02676176916953211
2021-11-04,sz001211,0.7118630701183588,0.7201592042685871,0.706510695866843,0.7177506409598073,15518406.02798462,26.81999969482422,0.0,0.010169509059223758,0.02676176916953211
2021-11-05,sz001211,0.7198915804516091,0.752005723872657,0.7166801967359184,0.7458505292142303,61831450.28707123,27.8700008392334,0.0,0.03914993125864252,0.02676176916953211
2021-11-08,sz001211,0.7458505292142303,0.7536114157305023,0.7330048412193969,0.7517381000556789,38899483.565727234,28.09000015258789,0.0,0.007893767733397228,0.02676176916953211
2021-11-09,sz001211,0.7581609185310836,0.759766610388929,0.7356810283451548,0.7466533496211412,33132338.687438965,27.899999618530277,0.0,-0.006763991919740531,0.02676176916953211
2021-11-10,sz001211,0.7399629073287581,0.766457052681312,0.7386248392878909,0.7659218560913794,51895634.821525574,28.6200008392334,0.0,0.025806495718549094,0.02676176916953211
2021-11-11,sz001211,0.7645837370064885,0.7691332398070699,0.754681910998415,0.7621751736977087,31601049.79019165,28.479999542236328,0.0,-0.004891729311382487,0.02676176916953211
2021-11-12,sz001211,0.7600342342059072,0.7723446745667841,0.7482590414789863,0.7659218560913794,41249141.37802124,28.6200008392334,0.0,0.004915775956718216,0.02676176916953211
2021-11-15,sz001211,0.765386608457423,0.7859931829685285,0.7651189846404449,0.7806408087170126,42974886.776519775,29.170000076293945,0.0,0.019217303317007106,0.02676176916953211
2021-11-16,sz001211,0.7894721905011972,0.7996416403262488,0.7576256708971273,0.7594989865719507,44264637.08343506,28.3799991607666,0.0,-0.027082650444329892,0.02676176916953211
2021-11-17,sz001211,0.752273347689635,0.7787674930421891,0.752273347689635,0.7627104213316651,23501921.56638336,28.5,0.0,0.004228359506059931,0.02676176916953211
2021-11-18,sz001211,0.7600342342059072,0.7667246764982902,0.743977162495383,0.7469209734381193,23948341.97769165,27.90999984741211,0.0,-0.02070175973992594,0.02676176916953211
2021-11-19,sz001211,0.747991468706032,0.7589637899820181,0.7469209734381193,0.7570904743071948,14487084.076690674,28.290000915527344,0.0,0.013615230031986947,0.02676176916953211
2021-11-22,sz001211,0.7536114157305023,0.7640484893725321,0.7536114157305023,0.7629780451486433,15178368.717956543,28.51000022888184,0.0,0.007776574981789741,0.02676176916953211
2021-11-23,sz001211,0.7651189846404449,0.766457052681312,0.7560199790392821,0.7635132927825996,12719637.399291992,28.530000686645508,0.0,0.0007015242933392507,0.02676176916953211
2021-11-24,sz001211,0.7635132927825996,0.7862607557414828,0.753076168096546,0.7846550638836376,46316668.832611084,29.31999969482422,0.0,0.027690115287957173,0.02676176916953211
2021-11-25,sz001211,0.7814436801679471,0.7964302566105584,0.7766265535503875,0.7926836252609115,36731502.83050537,29.6200008392334,0.0,0.010231962739827072,0.02676176916953211
2021-11-26,sz001211,0.7940216933017786,0.7983035722853817,0.7790351168591672,0.7841198162496812,29261892.031097412,29.299999237060547,0.0,-0.010803564925933151,0.02676176916953211
2021-11-29,sz001211,0.7782322454082327,0.8215863339222452,0.7731474949736951,0.8130225249110149,68842010.71794128,30.3799991607666,0.0,0.03686006661529184,0.02676176916953211
2021-11-30,sz001211,0.8355024150969438,0.8397842940805471,0.7921483776269551,0.7940216933017786,94317344.41808319,29.670000076293945,0.0,-0.02337060908775679,0.02676176916953211
2021-12-01,sz001211,0.7870636271924174,0.8082054493374792,0.7846550638836376,0.7961626327935802,45748096.55685425,29.75,0.0,0.0026963236771264665,0.02676176916953211
2021-12-02,sz001211,0.7972331280614929,0.8007121355941617,0.7803731849000344,0.7806408087170126,36070821.54714203,29.170000076293945,0.0,-0.019495795754825407,0.02676176916953211
2021-12-03,sz001211,0.7809084325339907,0.789204566684219,0.7600342342059072,0.7600342342059072,41663613.228881836,28.399999618530277,0.0,-0.026396998825839457,0.02676176916953211
2021-12-06,sz001211,0.7603018580228853,0.7621751736977087,0.7335400888533532,0.7343429603042877,35569397.2984314,27.440000534057617,0.0,-0.03380278511857038,0.02676176916953211
2021-12-07,sz001211,0.735948652162133,0.743977162495383,0.7338077126703314,0.737286720203,19557750.33721924,27.549999237060547,0.0,0.004008699011007755,0.02676176916953211
2021-12-08,sz001211,0.7375543440199782,0.743977162495383,0.7316667731785298,0.7407657787796925,16534968.118019104,27.68000030517578,0.0,0.004718732185674757,0.02676176916953211
2021-12-09,sz001211,0.7394276596948016,0.7576256708971273,0.7367515236130675,0.7514704762387006,26635010.39428711,28.07999992370605,0.0,0.014450853111279693,0.02676176916953211
2021-12-10,sz001211,0.7495971605638773,0.7573580470801491,0.743977162495383,0.7536114157305023,19565223.684692383,28.15999984741211,0.0,0.0028490001397230014,0.02676176916953211
2021-12-13,sz001211,0.7573580470801491,0.7592314137989964,0.7493295367468991,0.7538790395474805,17184962.51449585,28.170000076293945,0.0,0.0003551217661938999,0.02676176916953211
2021-12-14,sz001211,0.7536114157305023,0.7643161131895103,0.7504000320148118,0.7600342342059072,18730637.605628967,28.399999618530277,0.0,0.008164697962847578,0.02676176916953211
2021-12-15,sz001211,0.7562876028562603,0.7675275479492246,0.7541466633644586,0.7656542322744011,23629416.874275208,28.61000061035156,0.0,0.007394401219789515,0.02676176916953211
2021-12-16,sz001211,0.7672599241322465,0.7755560582824748,0.7629780451486433,0.7739503664246296,25395107.3150177,28.920000076293945,0.0,0.010835353349493593,0.02676176916953211
2021-12-17,sz001211,0.7790351168591672,0.7790351168591672,0.7594989865719507,0.7624427975146869,20118961.365715027,28.489999771118164,0.0,-0.014868613556064836,0.02676176916953211
2021-12-20,sz001211,0.7584285423480619,0.7897398143181754,0.7568228504902166,0.775823682099453,42696990.350730896,28.989999771118164,0.0,0.017550017691010167,0.02676176916953211
2021-12-21,sz001211,0.7776969977742764,0.8534328024822914,0.7776969977742764,0.8534328024822914,56337755.19282532,31.88999938964844,0.0,0.100034482284455,0.02676176916953211
2021-12-22,sz001211,0.9388029114694493,0.9388029114694493,0.9388029114694493,0.9388029114694493,48165687.09767914,35.08000183105469,0.0,0.10003143626405109,0.02676176916953211
2021-12-23,sz001211,0.8617289876765434,1.0137358447265297,0.8590527495067616,0.9406762271442727,319955192.26540375,35.150001525878906,0.0,0.001995430193000969,0.02676176916953211
2021-12-24,sz001211,0.8815326396926905,0.9139144579747406,0.8603909196356764,0.8764479403021765,163195003.00347137,32.75,0.0,-0.06827884556738706,0.02676176916953211
2021-12-27,sz001211,0.8748421974003074,0.8890260044800319,0.8215863339222452,0.8288119728045608,125355128.00922394,30.96999931335449,0.0,-0.05435116600444312,0.02676176916953211
2021-12-28,sz001211,0.8349672185070113,0.9117734674389151,0.834431970873055,0.9117734674389151,84577255.92285919,34.06999969482422,0.0,0.10009688247338722,0.02676176916953211
2021-12-29,sz001211,0.8697574980097935,0.9454933537618323,0.8644051237582776,0.8831383825945596,208728614.48784637,33.0,0.0,-0.03140592029376421,0.02676176916953211
2021-12-30,sz001211,0.9040125298786194,0.9074915884553119,0.8483481030917773,0.8577146814658946,154144592.37980652,32.04999923706055,0.0,-0.028787901907256108,0.02676176916953211
2021-12-31,sz001211,0.8574471086929402,0.8644051237582776,0.8355024150969438,0.8494185473156662,80435863.05387878,31.739999771118164,0.0,-0.009672370462459168,0.02676176916953211
2022-01-04,sz001211,0.8545032977502041,0.8697574980097935,0.8416576607993943,0.8641375509853232,71280788.19885254,32.290000915527344,0.0,0.017328328556248218,0.02676176916953211
2022-01-05,sz001211,0.8569118610589839,0.8638698761243212,0.8298824680724737,0.8330938517881641,70552136.82022095,31.1299991607666,0.0,-0.03592448813474425,0.02676176916953211
2022-01-06,sz001211,0.8336290994221205,0.9093649041301353,0.8325586551982315,0.8713632409116626,132239575.70148468,32.560001373291016,0.0,0.04593646807182239,0.02676176916953211
2022-01-07,sz001211,0.8681517551079244,0.8831383825945596,0.8376433545887454,0.8384462260396799,92396731.48422241,31.32999992370605,0.0,-0.03777645570352883,0.02676176916953211
2022-01-10,sz001211,0.835770038913922,0.867616507473968,0.8330938517881641,0.8510242391735116,50957019.74563599,31.799999237060547,0.0,0.01500157403444069,0.02676176916953211
2022-01-11,sz001211,0.8523623582584025,0.9120411422999172,0.835770038913922,0.8991954032610597,146546327.90364838,33.599998474121094,0.0,0.05660375095112524,0.02676176916953211
2022-01-12,sz001211,0.8959840195453692,0.8959840195453692,0.8692222503758371,0.8855469459033394,94123074.7505188,33.09000015258789,0.0,-0.015178522163505681,0.02676176916953211
2022-01-13,sz001211,0.8842088778624723,0.8842088778624723,0.8619965604494978,0.8686870027418808,61584119.85244751,32.459999084472656,0.0,-0.019039016778788498,0.02676176916953211
2022-01-14,sz001211,0.8660108666601466,0.8686870027418808,0.8264034094957811,0.8298824680724737,75196822.27478027,31.01000022888184,0.0,-0.044670329528272434,0.02676176916953211
2022-01-17,sz001211,0.82800915239765,0.8456719159660194,0.8135577725449714,0.8427281050232832,47015015.787239075,31.489999771118164,0.0,0.015478862905304647,0.02676176916953211
2022-01-18,sz001211,0.8429957288402614,0.8429957288402614,0.8036559465368978,0.8063320826186319,62934852.67474365,30.1299991607666,0.0,-0.043188333446700145,0.02676176916953211
2022-01-19,sz001211,0.8052616383947431,0.8269386571297375,0.7996416403262488,0.8186425229795091,34699462.28582001,30.59000015258789,0.0,0.015267208915832775,0.02676176916953211
2022-01-20,sz001211,0.8082054493374792,0.8183748991625308,0.7948245647527131,0.7969655042445147,32662601.432014465,29.780000686645508,0.0,-0.026479223991564993,0.02676176916953211
2022-01-21,sz001211,0.7966978804275365,0.8028530750859633,0.7643161131895103,0.7651189846404449,40486934.66923523,28.59000015258789,0.0,-0.03995972151173455,0.02676176916953211
2022-01-24,sz001211,0.768062795583181,0.7776969977742764,0.7541466633644586,0.7694008636240481,28152099.93133545,28.75,0.0,0.005596356997487728,0.02676176916953211
2022-01-25,sz001211,0.766457052681312,0.7707389316649151,0.7324696446294643,0.7324696446294643,30760372.932937622,27.3700008392334,0.0,-0.047999970809273096,0.02676176916953211
2022-01-26,sz001211,0.7354134045281766,0.7447800339463175,0.7308639017275952,0.7386248392878909,15371666.850349426,27.600000381469727,0.0,0.008403344361854526,0.02676176916953211
2022-01-27,sz001211,0.7375543440199782,0.7611047294738198,0.7252439547031249,0.7338077126703314,39194008.18964386,27.420000076293945,0.0,-0.0065217500973887566,0.02676176916953211
2022-01-28,sz001211,0.7330048412193969,0.75869616616504,0.7330048412193969,0.7487942891129427,20141530.875083923,27.979999542236328,0.0,0.020423029335675746,0.02676176916953211
2022-02-07,sz001211,0.7600342342059072,0.7659218560913794,0.7493295367468991,0.7578932947141055,15264312.213897705,28.31999969482422,0.0,0.0121515424642753,0.02676176916953211
2022-02-08,sz001211,0.7568228504902166,0.7694008636240481,0.7533437919135242,0.7661894288643337,16298361.937019348,28.6299991607666,0.0,0.010946308943606375,0.02676176916953211
2022-02-09,sz001211,0.7694008636240481,0.7760913059164312,0.7640484893725321,0.7739503664246296,15794546.21711731,28.920000076293945,0.0,0.010129267342932735,0.02676176916953211
2022-02-10,sz001211,0.7742179902416076,0.7771618011843439,0.7629780451486433,0.7715418031158496,14281567.0211792,28.82999992370605,0.0,-0.0031120384630174414,0.02676176916953211
2022-02-11,sz001211,0.7656542322744011,0.7763589297334094,0.7533437919135242,0.7576256708971273,15916249.680717468,28.309999465942383,0.0,-0.018036783182093896,0.02676176916953211
2022-02-14,sz001211,0.7573580470801491,0.7707389316649151,0.754681910998415,0.75869616616504,15649899.576774597,28.350000381469727,0.0,0.0014129606599062594,0.02676176916953211
2022-02-15,sz001211,0.7589637899820181,0.8346995946900331,0.7495971605638773,0.8346995946900331,73725282.79058075,31.190000534057617,0.0,0.10017637087737707,0.02676176916953211
2022-02-16,sz001211,0.8322910313812534,0.8322910313812534,0.7975007008344472,0.8148958916298622,124747432.75944519,30.450000762939453,0.0,-0.023725545317324626,0.02676176916953211
2022-02-17,sz001211,0.8124873283210823,0.8135577725449714,0.7934864456678223,0.8004445117771835,62303130.612838745,29.90999984741211,0.0,-0.01773401977002831,0.02676176916953211
2022-02-18,sz001211,0.7940216933017786,0.8052616383947431,0.7881341224603301,0.7993740675532945,35177046.55609131,29.8700008392334,0.0,-0.001337312216073805,0.02676176916953211
2022-02-21,sz001211,0.7956273851596238,0.8140930201789277,0.7942893171187568,0.8122197045041043,38713696.14754486,30.350000381469727,0.0,0.016069619308676453,0.02676176916953211
2022-02-22,sz001211,0.8025854512689851,0.8122197045041043,0.7862607557414828,0.7975007008344472,42417337.68828583,29.799999237060547,0.0,-0.018121948517173192,0.02676176916953211
2022-02-23,sz001211,0.8138253963619495,0.8148958916298622,0.7934864456678223,0.8049940145777648,31608560.50440216,30.07999992370605,0.0,0.009395996436714071,0.02676176916953211
2022-02-24,sz001211,0.7991064437363162,0.807937825520501,0.746385725804163,0.7624427975146869,67036300.5014801,28.489999771118164,0.0,-0.05285904775999706,0.02676176916953211
2022-02-25,sz001211,0.7760913059164312,0.7838522434767269,0.7643161131895103,0.775823682099453,29056374.975585938,28.989999771118164,0.0,0.017550017691010167,0.02676176916953211
2022-02-28,sz001211,0.7830493720257924,0.7830493720257924,0.7557523552223039,0.7648513608234666,20181774.851226807,28.57999992370605,0.0,-0.014142802712974967,0.02676176916953211
2022-03-01,sz001211,0.7648513608234666,0.7779646215912546,0.7648513608234666,0.7728798711567167,14857014.776611328,28.8799991607666,0.0,0.010496824277865358,0.02676176916953211
2022-03-02,sz001211,0.7702037350749826,0.7835846196597487,0.7648513608234666,0.7814436801679471,19124296.183776855,29.200000762939453,0.0,0.011080388208860148,0.02676176916953211
2022-03-03,sz001211,0.7867960033754393,0.7873312510093956,0.7742179902416076,0.774753237875564,17013075.522613525,28.950000762939453,0.0,-0.008561643611917247,0.02676176916953211
2022-03-04,sz001211,0.7750208106485184,0.7782322454082327,0.7640484893725321,0.7651189846404449,18190127.74963379,28.59000015258789,0.0,-0.012435253915862421,0.02676176916953211
2022-03-07,sz001211,0.768062795583181,0.7726122983837624,0.754681910998415,0.7629780451486433,15660399.629974365,28.51000022888184,0.0,-0.002798178498743753,0.02676176916953211
2022-03-08,sz001211,0.7627104213316651,0.7704713588919608,0.72925820986975,0.7295258336867282,27494445.35369873,27.26000022888184,0.0,-0.04384426481812853,0.02676176916953211
2022-03-09,sz001211,0.7335400888533532,0.7362162759791112,0.6909888717902752,0.7145392572441168,23978235.36758423,26.700000762939453,0.0,-0.020542900265608566,0.02676176916953211
2022-03-10,sz001211,0.7244410832521904,0.7380895916539345,0.7244410832521904,0.7295258336867282,19763267.392730713,27.26000022888184,0.0,0.02097376217006275,0.02676176916953211
2022-03-11,sz001211,0.7217648961264322,0.7399629073287581,0.7097221306265572,0.7391600869218473,20738539.237976074,27.6200008392334,0.0,0.013206185155132166,0.02676176916953211
2022-03-14,sz001211,0.738892463104869,0.7391600869218473,0.7241734594352122,0.7289905860527718,13941529.711151123,27.239999771118164,0.0,-0.01375818452458022,0.02676176916953211
2022-03-15,sz001211,0.7206944519025434,0.7241734594352122,0.6856365485827831,0.6909888717902752,21665234.324645996,25.81999969482422,0.0,-0.052129224971563026,0.02676176916953211
2022-03-16,sz001211,0.7049050040089976,0.7075811911347556,0.669311853055281,0.6960736222248131,20476972.076416016,26.01000022888184,0.0,0.007358657486572717,0.02676176916953211
2022-03-17,sz001211,0.7024964407002179,0.7188211362277199,0.7024964407002179,0.7078488149517338,25454221.493530273,26.450000762939453,0.0,0.016916590933706788,0.02676176916953211
2022-03-18,sz001211,0.7008907488423726,0.7265820227439921,0.7003555012084163,0.7220325199434106,20491918.771362305,26.979999542236328,0.0,0.020037760454036935,0.02676176916953211
2022-03-21,sz001211,0.7324696446294643,0.7461181019871846,0.7201592042685871,0.7391600869218473,21381247.120666504,27.6200008392334,0.0,0.0237213234935445,0.02676176916953211
2022-03-22,sz001211,0.7386248392878909,0.7453152815802739,0.732202020812486,0.7370191474300457,15858443.338012695,27.540000915527344,0.0,-0.002896448996207779,0.02676176916953211
2022-03-23,sz001211,0.7429067182714942,0.7675275479492246,0.7346105841212659,0.7627104213316651,42545767.16461182,28.5,0.0,0.03485835339719978,0.02676176916953211
2022-03-24,sz001211,0.7600342342059072,0.7859931829685285,0.7600342342059072,0.7699361112580044,63523453.521728516,28.770000457763672,0.0,0.009473700272409458,0.02676176916953211
2022-03-25,sz001211,0.774753237875564,0.7975007008344472,0.7413010264136489,0.745582905397252,102448010.16822815,27.86000061035156,0.0,-0.03163016450931433,0.02676176916953211
2022-03-28,sz001211,0.7404981549627144,0.754681910998415,0.7228353913943452,0.7335400888533532,44287729.727127075,27.40999984741211,0.0,-0.01615221654992527,0.02676176916953211
2022-03-29,sz001211,0.7383572154709128,0.7383572154709128,0.7142716334271386,0.7166801967359184,33506753.395843506,26.780000686645508,0.0,-0.0229842818049516,0.02676176916953211
2022-03-30,sz001211,0.7231030152113233,0.7263143989270139,0.7145392572441168,0.7196239566346309,16034067.003631592,26.88999938964844,0.0,0.004107494405621415,0.02676176916953211
2022-03-31,sz001211,0.7257792023370813,0.7338077126703314,0.7204268280855654,0.7257792023370813,17808987.028503418,27.1200008392334,0.0,0.008553419665509487,0.02676176916953211
2022-04-01,sz001211,0.7257792023370813,0.7276525180119047,0.7123983177523152,0.7140040096101604,17700623.490142822,26.68000030517578,0.0,-0.016224207980889416,0.02676176916953211
2022-04-06,sz001211,0.7142716334271386,0.7281877146018372,0.7118630701183588,0.7241734594352122,19965047.774505615,27.059999465942383,0.0,0.014242846942279952,0.02676176916953211
2022-04-07,sz001211,0.7271172703779484,0.7319343969955079,0.7099897544435354,0.7099897544435354,15847233.316802979,26.530000686645508,0.0,-0.019586060227529956,0.02676176916953211
2022-04-08,sz001211,0.7113278224844024,0.7169478205528966,0.6920593670581878,0.6950031269569001,19576433.7059021,25.96999931335449,0.0,-0.021108230636907144,0.02676176916953211
2022-04-11,sz001211,0.6960736222248131,0.7003555012084163,0.6837631818639358,0.6877774880745847,15619296.21887207,25.700000762939453,0.0,-0.010396555931990181,0.02676176916953211
2022-04-12,sz001211,0.6877774880745847,0.7011583726593508,0.6765375429816203,0.7008907488423726,34934162.76321411,26.190000534057617,0.0,0.019066138388009968,0.02676176916953211
2022-04-13,sz001211,0.6976793140826583,0.7097221306265572,0.6861717451727157,0.7089192591756227,26851737.4710083,26.489999771118164,0.0,0.011454724358268997,0.02676176916953211
2022-04-14,sz001211,0.7078488149517338,0.7164125729189402,0.7046373801920194,0.7164125729189402,20338715.14816284,26.770000457763672,0.0,0.010570052437327337,0.02676176916953211
2022-04-15,sz001211,0.7169478205528966,0.7172153933258509,0.6990174331675492,0.7169478205528966,20775905.975341797,26.790000915527344,0.0,0.0007471220553481039,0.02676176916953211
2022-04-18,sz001211,0.7091868829926009,0.7134687619762041,0.6912564956072533,0.7110601986674243,13571599.011230469,26.56999969482422,0.0,-0.008212064695212962,0.02676176916953211
2022-04-19,sz001211,0.7091868829926009,0.7442447863123612,0.7057078754599322,0.7413010264136489,56655447.19390869,27.700000762939453,0.0,0.04252920892337664,0.02676176916953211
2022-04-20,sz001211,0.7343429603042877,0.7648513608234666,0.7343429603042877,0.7512028524217225,54013618.8621521,28.06999969482422,0.0,0.01335736179400393,0.02676176916953211
2022-04-21,sz001211,0.7627104213316651,0.7734151187906733,0.7094545068095791,0.7123983177523152,77109999.22790527,26.6200008392334,0.0,-0.05165653264535597,0.02676176916953211
2022-04-22,sz001211,0.7123983177523152,0.7404981549627144,0.6824251138230688,0.7172153933258509,50676769.21539307,26.799999237060547,0.0,0.006761772808130839,0.02676176916953211
2022-04-25,sz001211,0.7105249510334679,0.7118630701183588,0.6457614676014393,0.6457614676014393,64480041.998291016,24.1299991607666,0.0,-0.09962687135459758,0.02676176916953211
2022-04-26,sz001211,0.6409443920279035,0.6409443920279035,0.5839417951121468,0.5850122903800594,45987243.67599487,21.86000061035156,0.0,-0.09407371029278255,0.02676176916953211
2022-04-27,sz001211,0.5807304113964563,0.596252235473024,0.5649409635029103,0.5949141163881331,31903720.362854004,22.229999542236328,0.0,0.016925842706041028,0.02676176916953211
2022-04-28,sz001211,0.5914351088554644,0.6048159934402304,0.5713637819783153,0.5807304113964563,22360255.639648438,21.700000762939453,0.0,-0.023841600999131574,0.02676176916953211
2022-04-29,sz001211,0.5834065474781904,0.613647375224415,0.5807304113964563,0.6074921805659884,29388938.93814087,22.700000762939453,0.0,0.04608294768854848,0.02676176916953211
2022-05-05,sz001211,0.5900969897705735,0.6238168250494668,0.5900969897705735,0.6189996984319072,25607425.116729736,23.1299991607666,0.0,0.018942660060574656,0.02676176916953211
2022-05-06,sz001211,0.6088302486068554,0.6808194219652235,0.5973226796969129,0.6808194219652235,63071315.99960327,25.440000534057617,0.0,0.09987036131022742,0.02676176916953211
2022-05-09,sz001211,0.6157883147162168,0.6717204163640607,0.6157883147162168,0.6663680421125449,91264519.34204102,24.899999618530277,0.0,-0.021226450636446237,0.02676176916953211
2022-05-10,sz001211,0.6422824600687705,0.6802841743312671,0.637465333451211,0.656198592287493,62200671.01898193,24.520000457763672,0.0,-0.015261010706354217,0.02676176916953211
2022-05-11,sz001211,0.6529871575277788,0.6636918549867867,0.6438881519266159,0.6452262710115066,51383000.551605225,24.11000061035156,0.0,-0.016721037510515013,0.02676176916953211
2022-05-12,sz001211,0.6438881519266159,0.6556633446535366,0.6350567701424312,0.6497757738120882,39507851.416778564,24.280000686645508,0.0,0.007051019161772976,0.02676176916953211
2022-05-13,sz001211,0.6503109704020207,0.6591423521862053,0.6438881519266159,0.6543252766126696,25715788.655090332,24.450000762939453,0.0,0.007001650390703995,0.02676176916953211
2022-05-16,sz001211,0.6567338399214494,0.6623537869459196,0.6438881519266159,0.645493894828485,25547638.33694458,24.1200008392334,0.0,-0.013496928973771527,0.02676176916953211
2022-05-17,sz001211,0.645493894828485,0.6543252766126696,0.6315777626097625,0.6420148362517925,24744253.483581543,23.989999771118164,0.0,-0.005389762172137935,0.02676176916953211
2022-05-18,sz001211,0.6406767682109253,0.6741289796728405,0.6380005810851673,0.6690442292383026,58972184.910583496,25.0,0.0,0.04210088530712652,0.02676176916953211
2022-05-19,sz001211,0.660212847454118,0.6797489266973109,0.6529871575277788,0.6599452236371399,37265847.174835205,24.65999984741211,0.0,-0.013600006103515638,0.02676176916953211
2022-05-20,sz001211,0.6567338399214494,0.6797489266973109,0.6567338399214494,0.673326108221906,53714684.96322632,25.15999984741211,0.0,0.020275750328217157,0.02676176916953211
2022-05-23,sz001211,0.6722556639980171,0.6722556639980171,0.6596775998201618,0.6639594788037649,36324205.393218994,24.809999465942383,0.0,-0.013910985039442547,0.02676176916953211
2022-05-24,sz001211,0.6636918549867867,0.6671709135634792,0.6278310802160918,0.6283663278500482,34242878.12194824,23.479999542236328,0.0,-0.053607414443188395,0.02676176916953211
2022-05-25,sz001211,0.6283663278500482,0.648170030910219,0.6254225679513359,0.6382682049021455,20865586.14501953,23.850000381469727,0.0,0.015758128042883124,0.02676176916953211
2022-05-26,sz001211,0.6393386491260346,0.6460290914184176,0.6272958836261593,0.6380005810851673,16631934.801483154,23.84000015258789,0.0,-0.0004192968017562304,0.02676176916953211
2022-05-27,sz001211,0.6382682049021455,0.6436205281096377,0.6302396435248716,0.6385358287191236,18365751.415252686,23.86000061035156,0.0,0.0008389453706232342,0.02676176916953211
2022-05-30,sz001211,0.6409443920279035,0.6425500838857489,0.6321130102437189,0.6401415205769689,14042419.902038574,23.920000076293945,0.0,0.002514646454633951,0.02676176916953211
2022-05-31,sz001211,0.642817707702727,0.6444233995605722,0.630774891158828,0.6422824600687705,19240133.069610596,24.0,0.0,0.0033444784051375187,0.02676176916953211
2022-06-01,sz001211,0.6412119648008578,0.6503109704020207,0.6371977096342328,0.6462967152353958,23873608.502960205,24.149999618530277,0.0,0.006249984105428208,0.02676176916953211
2022-06-02,sz001211,0.6476348343202866,0.6489729023611536,0.6377329572681891,0.6479024070932409,20532648.515090942,24.209999084472656,0.0,0.0024844499747462834,0.02676176916953211
2022-06-06,sz001211,0.6479024070932409,0.6610157189050526,0.6465643390523739,0.656198592287493,29770079.65927124,24.520000457763672,0.0,0.012804683395871708,0.02676176916953211
2022-06-07,sz001211,0.6572690365113819,0.662889034579876,0.645493894828485,0.6476348343202866,19838710.835472107,24.200000762939453,0.0,-0.013050558272844515,0.02676176916953211
2022-06-08,sz001211,0.6489729023611536,0.6567338399214494,0.6297044469349391,0.6377329572681891,29213390.005996704,23.82999992370605,0.0,-0.015289290395396615,0.02676176916953211
2022-06-09,sz001211,0.6363948892273221,0.6401415205769689,0.6208730651507545,0.6222111331916215,18627318.576812744,23.25,0.0,-0.02433906527750629,0.02676176916953211
2022-06-10,sz001211,0.6208730651507545,0.6366625130443003,0.6168587589401056,0.6329158306506297,16900975.310516357,23.649999618530277,0.0,0.017204284667968972,0.02676176916953211
2022-06-13,sz001211,0.6329158306506297,0.6380005810851673,0.6235492012324886,0.6337187021015641,16355420.944976807,23.68000030517578,0.0,0.0012685279970152674,0.02676176916953211
2022-06-14,sz001211,0.6305072673418498,0.6305072673418498,0.6101683166477225,0.6283663278500482,26316085.290870667,23.479999542236328,0.0,-0.008445978055825365,0.02676176916953211
2022-06-15,sz001211,0.6280987040330699,0.6342539497355205,0.6238168250494668,0.6289015754840045,21590500.84991455,23.5,0.0,0.0008518082688926398,0.02676176916953211
2022-06-16,sz001211,0.6315777626097625,0.6361272654103439,0.6243520726834231,0.6342539497355205,16400261.029815674,23.700000762939453,0.0,0.008510670763381079,0.02676176916953211
2022-06-17,sz001211,0.6315777626097625,0.6363948892273221,0.6208730651507545,0.6323805830166732,15087866.480056763,23.6299991607666,0.0,-0.0029536540050376647,0.02676176916953211
2022-06-20,sz001211,0.6355920177763875,0.645493894828485,0.6291691993009828,0.6422824600687705,21163735.342460632,24.0,0.0,0.015658097857562225,0.02676176916953211
2022-06-21,sz001211,0.6422824600687705,0.6444233995605722,0.6339863259185423,0.6382682049021455,16017812.472877502,23.850000381469727,0.0,-0.006249984105428097,0.02676176916953211
2022-06-22,sz001211,0.6406767682109253,0.6446910233775504,0.6318453864267406,0.6366625130443003,16859871.899414062,23.790000915527344,0.0,-0.00251570083784991,0.02676176916953211
2022-06-23,sz001211,0.6323805830166732,0.6436205281096377,0.6323805830166732,0.6433529553366834,16968198.071037292,24.040000915527344,0.0,0.010508616661583536,0.02676176916953211
2022-06-24,sz001211,0.6398738967599908,0.6545928493856239,0.6398738967599908,0.6489729023611536,21785331.01853943,24.25,0.0,0.00873540251560545,0.02676176916953211
2022-06-27,sz001211,0.6545928493856239,0.6604804712710962,0.6500433976290664,0.6599452236371399,26585125.79990387,24.65999984741211,0.0,0.01690721020256114,0.02676176916953211
2022-06-28,sz001211,0.6559309684705149,0.6671709135634792,0.653522405161735,0.6663680421125449,20204194.89364624,24.899999618530277,0.0,0.009732350876042517,0.02676176916953211
2022-06-29,sz001211,0.6663680421125449,0.6709175449131262,0.6570014126944037,0.6570014126944037,20357398.516845703,24.549999237060547,0.0,-0.014056240435010414,0.02676176916953211
2022-06-30,sz001211,0.6594099760031836,0.6677061611974356,0.6540576527956914,0.6583395317792946,23851188.46054077,24.600000381469727,0.0,0.002036706556540313,0.02676176916953211
2022-07-01,sz001211,0.662889034579876,0.6644947264377212,0.6529871575277788,0.6559309684705149,16848624.51146698,24.51000022888184,0.0,-0.0036585427313928776,0.02676176916953211
2022-07-04,sz001211,0.6553957208365585,0.6610157189050526,0.6484376547271973,0.6586071555962727,15705202.348075867,24.61000061035156,0.0,0.004079982886000977,0.02676176916953211
2022-07-05,sz001211,0.6618185393119633,0.6626214107628979,0.6452262710115066,0.6505785942189989,16826241.835784912,24.309999465942383,0.0,-0.012190212798409594,0.02676176916953211
2022-07-06,sz001211,0.6513814656699334,0.6516490894869116,0.6396062729430128,0.6438881519266159,13339925.239562988,24.059999465942383,0.0,-0.010283834039167439,0.02676176916953211
2022-07-07,sz001211,0.6508462180359771,0.6508462180359771,0.6422824600687705,0.6430853315197052,9233320.803070068,24.030000686645508,0.0,-0.001246832084902505,0.02676176916953211
2022-07-08,sz001211,0.6422824600687705,0.6503109704020207,0.6390710253090562,0.646831962869352,15062531.832122803,24.170000076293945,0.0,0.005826025203829577,0.02676176916953211
2022-07-11,sz001211,0.6503109704020207,0.652184337120868,0.6331834544676078,0.6369300858172546,15850932.623802185,23.799999237060547,0.0,-0.015308268020913118,0.02676176916953211
2022-07-12,sz001211,0.6417472124348143,0.6417472124348143,0.6120416833665698,0.6123092561395241,26395863.275146484,22.8799991607666,0.0,-0.03865546662965236,0.02676176916953211
2022-07-13,sz001211,0.6093654962408118,0.6238168250494668,0.6093654962408118,0.6214082617406869,18597425.186920166,23.21999931335449,0.0,0.014860147074257757,0.02676176916953211
2022-07-14,sz001211,0.6214082617406869,0.6339863259185423,0.6179292542080183,0.6318453864267406,15066268.505859375,23.61000061035156,0.0,0.016795921986645812,0.02676176916953211
2022-07-15,sz001211,0.6342539497355205,0.6342539497355205,0.6123092561395241,0.6128445037734807,15951860.181427002,22.899999618530277,0.0,-0.030072044619515625,0.02676176916953211
2022-07-18,sz001211,0.6155206908992384,0.6329158306506297,0.6090978724238337,0.6305072673418498,15510932.680511475,23.559999465942383,0.0,0.028820954515564434,0.02676176916953211
2022-07-19,sz001211,0.6326482068336515,0.6420148362517925,0.6315777626097625,0.6398738967599908,12502910.3225708,23.90999984741211,0.0,0.014855704134275394,0.02676176916953211
2022-07-20,sz001211,0.6441557757435941,0.645493894828485,0.6345215225084748,0.6404091443939471,10642046.801757812,23.93000030517578,0.0,0.0008364892468135654,0.02676176916953211
2022-07-21,sz001211,0.6412119648008578,0.6446910233775504,0.637465333451211,0.6406767682109253,11337068.116760254,23.940000534057617,0.0,0.00041789505868394805,0.02676176916953211
2022-07-22,sz001211,0.6406767682109253,0.645493894828485,0.6315777626097625,0.6393386491260346,10122649.152374268,23.88999938964844,0.0,-0.002088602476764456,0.02676176916953211
2022-07-25,sz001211,0.6414795886178359,0.6460290914184176,0.6315777626097625,0.6339863259185423,9027803.747558594,23.690000534057617,0.0,-0.008371655952301271,0.02676176916953211
2022-07-26,sz001211,0.6355920177763875,0.6462967152353958,0.5713637819783153,0.6462967152353958,19939414.19267273,24.149999618530277,0.0,0.019417436644264763,0.02676176916953211
2022-07-27,sz001211,0.6449586471945286,0.6503109704020207,0.6398738967599908,0.6436205281096377,17457739.697265625,24.049999237060547,0.0,-0.004140802610737904,0.02676176916953211
2022-07-28,sz001211,0.6465643390523739,0.6524519098938223,0.6433529553366834,0.6497757738120882,15765026.494598389,24.280000686645508,0.0,0.009563470140594887,0.02676176916953211
2022-07-29,sz001211,0.6508462180359771,0.6508462180359771,0.6401415205769689,0.6417472124348143,13506057.753890991,23.979999542236328,0.0,-0.012355895219318791,0.02676176916953211
2022-08-01,sz001211,0.6417472124348143,0.64950814999511,0.6345215225084748,0.6484376547271973,15686556.346130371,24.229999542236328,0.0,0.010425354661065311,0.02676176916953211
2022-08-02,sz001211,0.6425500838857489,0.6470995866863302,0.6088302486068554,0.6152530670822604,22973070.13244629,22.989999771118164,0.0,-0.05117621933738248,0.02676176916953211
2022-08-03,sz001211,0.6133797514074368,0.6264930121752248,0.6048159934402304,0.6082950009728991,14987798.357391357,22.729999542236328,0.0,-0.011309274966086247,0.02676176916953211
2022-08-04,sz001211,0.6066893091150538,0.6208730651507545,0.6066893091150538,0.6149854432652822,11535111.824798584,22.979999542236328,0.0,0.010998680379885384,0.02676176916953211
2022-08-05,sz001211,0.6147178194483038,0.6272958836261593,0.6107035642816789,0.6235492012324886,21639077.60848999,23.299999237060547,0.0,0.01392513930368322,0.02676176916953211
2022-08-08,sz001211,0.6238168250494668,0.6315777626097625,0.6128445037734807,0.6289015754840045,20846902.77633667,23.5,0.0,0.008583724012374061,0.02676176916953211
2022-08-09,sz001211,0.6369300858172546,0.6545928493856239,0.6262253883582467,0.6545928493856239,21893171.422576904,24.459999084472656,0.0,0.040851024871176866,0.02676176916953211
2022-08-10,sz001211,0.6505785942189989,0.6527195337108006,0.6371977096342328,0.645493894828485,34388608.39767456,24.1200008392334,0.0,-0.013900174078710026,0.02676176916953211
2022-08-11,sz001211,0.6473672105033084,0.6567338399214494,0.6436205281096377,0.6462967152353958,37179903.67889404,24.149999618530277,0.0,0.0012437304416708095,0.02676176916953211
2022-08-12,sz001211,0.6441557757435941,0.6556633446535366,0.6441557757435941,0.6516490894869116,45148958.28993225,24.350000381469727,0.0,0.008281605221475363,0.02676176916953211
2022-08-15,sz001211,0.6406767682109253,0.6406767682109253,0.6230140046425561,0.6363948892273221,38110671.73993683,23.780000686645508,0.0,-0.02340861133037131,0.02676176916953211
2022-08-16,sz001211,0.6390710253090562,0.6420148362517925,0.6337187021015641,0.6353243939594094,20677295.155433655,23.739999771118164,0.0,-0.0016821242376922063,0.02676176916953211
2022-08-17,sz001211,0.6377329572681891,0.6412119648008578,0.6321130102437189,0.6366625130443003,20114514.723968506,23.790000915527344,0.0,0.002106198184130159,0.02676176916953211
2022-08-18,sz001211,0.6363948892273221,0.6406767682109253,0.6302396435248716,0.6406767682109253,18545111.754608154,23.940000534057617,0.0,0.006305153962073762,0.02676176916953211
2022-08-19,sz001211,0.6406767682109253,0.6449586471945286,0.6291691993009828,0.6414795886178359,33272650.786247253,23.96999931335449,0.0,0.001253081814020618,0.02676176916953211
2022-08-22,sz001211,0.6369300858172546,0.6388034525361019,0.6337187021015641,0.6369300858172546,19983544.309501648,23.799999237060547,0.0,-0.007092201967616618,0.02676176916953211
2022-08-23,sz001211,0.6339863259185423,0.6390710253090562,0.6251549441343576,0.6289015754840045,24292825.929466248,23.5,0.0,-0.012605010364596936,0.02676176916953211
2022-08-24,sz001211,0.6289015754840045,0.6315777626097625,0.6101683166477225,0.6259577645412685,31238592.43774414,23.38999938964844,0.0,-0.0046808770362365415,0.02676176916953211
2022-08-25,sz001211,0.6216758855576652,0.6216758855576652,0.60963312005779,0.6133797514074368,17933567.730880737,22.920000076293945,0.0,-0.020094028457414148,0.02676176916953211
2022-08-26,sz001211,0.6128445037734807,0.6155206908992384,0.606956932932032,0.6077597533389427,17572642.414665222,22.709999084472656,0.0,-0.00916234690760287,0.02676176916953211
2022-08-29,sz001211,0.6021398063144724,0.6117740595495915,0.5978579273308692,0.6104359404647007,18208811.11831665,22.809999465942383,0.0,0.004403363518323378,0.02676176916953211
2022-08-30,sz001211,0.6139149990413932,0.6200701936998199,0.6107035642816789,0.6168587589401056,16035897.973762512,23.049999237060547,0.0,0.010521691220401364,0.02676176916953211
2022-08-31,sz001211,0.6160559385331948,0.6187321256589529,0.6050836172572085,0.6066893091150538,12404150.035713196,22.670000076293945,0.0,-0.016485864353332658,0.02676176916953211
2022-09-01,sz001211,0.6101683166477225,0.6184645018419745,0.6048159934402304,0.6149854432652822,11759312.24899292,22.979999542236328,0.0,0.013674436034367243,0.02676176916953211
2022-09-02,sz001211,0.6101683166477225,0.61766163039104,0.6090978724238337,0.6160559385331948,20071804.543159485,23.020000457763672,0.0,0.001740683913149077,0.02676176916953211
2022-09-05,sz001211,0.6160559385331948,0.6230140046425561,0.6104359404647007,0.6230140046425561,17016812.196350098,23.280000686645508,0.0,0.011294536216837958,0.02676176916953211
2022-09-06,sz001211,0.6230140046425561,0.6417472124348143,0.6165911861671513,0.6417472124348143,21957105.910209656,23.979999542236328,0.0,0.030068678476988797,0.02676176916953211
2022-09-07,sz001211,0.6294368231179609,0.6380005810851673,0.6238168250494668,0.6323805830166732,24934823.84414673,23.6299991607666,0.0,-0.014595512433320357,0.02676176916953211
2022-09-08,sz001211,0.630774891158828,0.6323805830166732,0.6208730651507545,0.6283663278500482,15122318.611907959,23.479999542236328,0.0,-0.006347846968159043,0.02676176916953211
2022-09-09,sz001211,0.6248873203173795,0.6289015754840045,0.6224787570085998,0.6280987040330699,8265746.505722046,23.46999931335449,0.0,-0.00042590413444643094,0.02676176916953211
2022-09-13,sz001211,0.6302396435248716,0.6302396435248716,0.6235492012324886,0.6280987040330699,10380479.640197754,23.46999931335449,0.0,0.0,0.02676176916953211
2022-09-14,sz001211,0.6184645018419745,0.6433529553366834,0.6157883147162168,0.6380005810851673,31312989.611839294,23.84000015258789,0.0,0.015764842354420994,0.02676176916953211
2022-09-15,sz001211,0.6390710253090562,0.653522405161735,0.6248873203173795,0.6412119648008578,52191504.647987366,23.959999084472656,0.0,0.0050335122112714625,0.02676176916953211
2022-09-16,sz001211,0.642817707702727,0.642817707702727,0.6155206908992384,0.6187321256589529,29704314.20150757,23.1200008392334,0.0,-0.035058358820373337,0.02676176916953211
2022-09-19,sz001211,0.6152530670822604,0.6152530670822604,0.5965198592900022,0.5994636191887146,18693794.002586365,22.399999618530277,0.0,-0.0311419201802674,0.02676176916953211
2022-09-20,sz001211,0.6005341144566272,0.6080273771559208,0.600266490639649,0.6053512410741868,10477633.157348633,22.6200008392334,0.0,0.009821483234362605,0.02676176916953211
2022-09-21,sz001211,0.6053512410741868,0.6088302486068554,0.5922379292623751,0.6074921805659884,11097136.296134949,22.700000762939453,0.0,0.0035366896877959686,0.02676176916953211
2022-09-22,sz001211,0.6053512410741868,0.6155206908992384,0.6048159934402304,0.6048159934402304,10877457.247161865,22.600000381469727,0.0,-0.00440530300038533,0.02676176916953211
2022-09-23,sz001211,0.6066893091150538,0.6066893091150538,0.58822367409575,0.5900969897705735,13085831.425476074,22.049999237060547,0.0,-0.024336333412637412,0.02676176916953211
2022-09-26,sz001211,0.5906322374045299,0.5906322374045299,0.5660114077267994,0.5673495268116903,17635680.100601196,21.200000762939453,0.0,-0.03854868496741071,0.02676176916953211
2022-09-27,sz001211,0.5662790315437775,0.5847446665630813,0.5646733396859323,0.5820684794373233,14348901.881912231,21.75,0.0,0.025943359305062863,0.02676176916953211
2022-09-28,sz001211,0.5804627875794781,0.5860827346039484,0.5759132847788967,0.5759132847788967,8964280.294036865,21.520000457763672,0.0,-0.010574691597072583,0.02676176916953211
2022-09-29,sz001211,0.5740399691040733,0.585547486969992,0.5662790315437775,0.5673495268116903,10917065.988769531,21.200000762939453,0.0,-0.01486987397850048,0.02676176916953211
2022-09-30,sz001211,0.5700256628934244,0.574842789510984,0.5587857178004599,0.5587857178004599,9266950.866699219,20.8799991607666,0.0,-0.01509441465361916,0.02676176916953211
2022-10-10,sz001211,0.5587857178004599,0.5732370976531387,0.5494191394263428,0.5496867632433209,11086710.976409912,20.540000915527344,0.0,-0.016283441518432307,0.02676176916953211
2022-10-11,sz001211,0.5496867632433209,0.5526305231420333,0.5408553304151125,0.5512924551011662,6632670.615890503,20.600000381469727,0.0,0.0029211033723481883,0.02676176916953211
2022-10-12,sz001211,0.553701018409946,0.5611942811092396,0.5446020128087832,0.560391460702329,10533683.263397217,20.940000534057617,0.0,0.01650486147047503,0.02676176916953211
2022-10-13,sz001211,0.5619971525601742,0.5724342262022043,0.5601238368853508,0.5668142791777339,15152212.001800537,21.18000030517578,0.0,0.011461306828900009,0.02676176916953211
2022-10-14,sz001211,0.568152347218601,0.5783218480876764,0.5678847234016227,0.5737723452870951,13906591.811714172,21.440000534057617,0.0,0.012275742452104721,0.02676176916953211
2022-10-17,sz001211,0.5740399691040733,0.5868856060548829,0.5668142791777339,0.5860827346039484,16983443.699882507,21.899999618530277,0.0,0.021455180644326388,0.02676176916953211
2022-10-18,sz001211,0.5860827346039484,0.5943788687541767,0.5812656079863887,0.5876884264617936,19200748.528427124,21.959999084472656,0.0,0.0027397016889265657,0.02676176916953211
2022-10-19,sz001211,0.5914351088554644,0.5914351088554644,0.5801951637624999,0.5801951637624999,8915703.535461426,21.68000030517578,0.0,-0.012750400317405042,0.02676176916953211
2022-10-20,sz001211,0.5799275399455217,0.5866179822379047,0.5767161051858074,0.5804627875794781,6788564.644180298,21.690000534057617,0.0,0.00046126516333333534,0.02676176916953211
2022-10-21,sz001211,0.5804627875794781,0.5858151107869703,0.5772513528197638,0.5834065474781904,9003627.468482971,21.799999237060547,0.0,0.005071401581120849,0.02676176916953211
2022-10-24,sz001211,0.5834065474781904,0.5927731768963315,0.5745751656940057,0.5807304113964563,16664070.195617676,21.700000762939453,0.0,-0.004587086129392737,0.02676176916953211
2022-10-25,sz001211,0.5807304113964563,0.5884912979127281,0.5628000240111088,0.5662790315437775,16545991.305541992,21.15999984741211,0.0,-0.024884833942014795,0.02676176916953211
2022-10-26,sz001211,0.5745751656940057,0.5818008556203451,0.5668142791777339,0.5807304113964563,11064290.933990479,21.700000762939453,0.0,0.025519892222181983,0.02676176916953211
2022-10-27,sz001211,0.5850122903800594,0.5860827346039484,0.578857044677609,0.581533231803367,11034397.5440979,21.729999542236328,0.0,0.001382432177058135,0.02676176916953211
2022-10-28,sz001211,0.5823361032543016,0.5847446665630813,0.5504895836502316,0.5569124021256365,15752172.33694458,20.809999465942383,0.0,-0.04233778627126761,0.02676176916953211
2022-10-31,sz001211,0.5480810203414519,0.5593209654344163,0.5432638937238923,0.5467429523005848,22631388.68597412,20.43000030517578,0.0,-0.018260411846166003,0.02676176916953211
2022-11-01,sz001211,0.5486162679754082,0.5587857178004599,0.5440667651748267,0.5582505212105273,22425086.928977966,20.86000061035156,0.0,0.021047493820489205,0.02676176916953211
2022-11-02,sz001211,0.5571800259426146,0.5670819029947121,0.5502219598332535,0.5662790315437775,14472137.381744385,21.15999984741211,0.0,0.014381554567725052,0.02676176916953211
2022-11-03,sz001211,0.5638704682349978,0.5662790315437775,0.5595885892513944,0.5641380920519757,10608155.170967102,21.07999992370605,0.0,-0.0037807147581734313,0.02676176916953211
2022-11-04,sz001211,0.5649409635029103,0.5724342262022043,0.5641380920519757,0.5692228424865137,11946145.935821533,21.270000457763672,0.0,0.009013308099871109,0.02676176916953211
2022-11-07,sz001211,0.5740399691040733,0.5839417951121468,0.5689552186695356,0.5809979841694106,19456860.146331787,21.709999084472656,0.0,0.020686347778068992,0.02676176916953211
2022-11-08,sz001211,0.5807304113964563,0.6390710253090562,0.5727018500191824,0.6230140046425561,145227394.17485046,23.280000686645508,0.0,0.07231698150073806,0.02676176916953211
2022-11-09,sz001211,0.6064216852980756,0.6139149990413932,0.5930408007133096,0.610971188098657,112005375.31773376,22.82999992370605,0.0,-0.01932992910939213,0.02676176916953211
2022-11-10,sz001211,0.6074921805659884,0.6074921805659884,0.596252235473024,0.5989283715547581,51025101.94111633,22.3799991607666,0.0,-0.019710940185863945,0.02676176916953211
2022-11-11,sz001211,0.6021398063144724,0.6115064357326134,0.5994636191887146,0.6074921805659884,45598629.60739136,22.700000762939453,0.0,0.014298552912094475,0.02676176916953211
2022-11-14,sz001211,0.6149854432652822,0.6152530670822604,0.5973226796969129,0.6032103015823852,38672331.169281006,22.540000915527344,0.0,-0.0070484511909501,0.02676176916953211
2022-11-15,sz001211,0.5983931749648255,0.6064216852980756,0.596252235473024,0.6034778743553395,27652880.320129395,22.549999237060547,0.0,0.00044358123900134494,0.02676176916953211
2022-11-16,sz001211,0.5978579273308692,0.6203378175167981,0.5978579273308692,0.613647375224415,41869429.21829224,22.93000030517578,0.0,0.016851489178354884,0.02676176916953211
2022-11-17,sz001211,0.6101683166477225,0.6125768799565025,0.6026750539484288,0.6074921805659884,21803491.25289917,22.700000762939453,0.0,-0.010030507595955473,0.02676176916953211
2022-11-18,sz001211,0.6064216852980756,0.6077597533389427,0.5973226796969129,0.6013369348635378,28399841.40007019,22.46999931335449,0.0,-0.010132222108136246,0.02676176916953211
2022-11-21,sz001211,0.5983931749648255,0.6074921805659884,0.5941112959812224,0.6064216852980756,21713811.083221436,22.65999984741211,0.0,0.008455742762070173,0.02676176916953211
2022-11-22,sz001211,0.6040131219892959,0.6074921805659884,0.5967874320629565,0.6018721824974943,17368059.52758789,22.489999771118164,0.0,-0.0075022099487507266,0.02676176916953211
2022-11-23,sz001211,0.6008017382736054,0.6018721824974943,0.5860827346039484,0.5898294169976191,18578741.818237305,22.040000915527344,0.0,-0.020008842159647933,0.02676176916953211
2022-11-24,sz001211,0.5898294169976191,0.596252235473024,0.58822367409575,0.593576048347266,11639738.689422607,22.18000030517578,0.0,0.006352059157574974,0.02676176916953211
2022-11-25,sz001211,0.5941112959812224,0.597590303513891,0.5898294169976191,0.5933084245302878,12603800.513458252,22.170000076293945,0.0,-0.0004508669406781962,0.02676176916953211
2022-11-28,sz001211,0.5903646135875517,0.5941112959812224,0.5818008556203451,0.5852799141970377,14315197.08480835,21.8700008392334,0.0,-0.013531765269650609,0.02676176916953211
2022-11-29,sz001211,0.5852799141970377,0.5981255511478474,0.5852799141970377,0.5957169878390677,20772169.301605225,22.26000022888184,0.0,0.01783261886980858,0.02676176916953211
2022-11-30,sz001211,0.5959846116560458,0.5983931749648255,0.5906322374045299,0.5919703564894208,11363224.83291626,22.1200008392334,0.0,-0.006289280692225452,0.02676176916953211
2022-12-01,sz001211,0.6034778743553395,0.6034778743553395,0.5933084245302878,0.5946464925711548,19359706.62918091,22.21999931335449,0.0,0.004520726506652251,0.02676176916953211
2022-12-02,sz001211,0.5965198592900022,0.6034778743553395,0.5930408007133096,0.6013369348635378,14868224.797821045,22.46999931335449,0.0,0.011251125460195022,0.02676176916953211
2022-12-05,sz001211,0.6013369348635378,0.6045483696232522,0.5989283715547581,0.602942677765407,14479610.72921753,22.530000686645508,0.0,0.002670288167537116,0.02676176916953211
2022-12-06,sz001211,0.602942677765407,0.6045483696232522,0.5983931749648255,0.6021398063144724,16127483.847045898,22.5,0.0,-0.0013315883591290545,0.02676176916953211
2022-12-07,sz001211,0.6005341144566272,0.6133797514074368,0.5973226796969129,0.6101683166477225,37030959.86375427,22.799999237060547,0.0,0.013333299424913125,0.02676176916953211
2022-12-08,sz001211,0.6104359404647007,0.6262253883582467,0.6104359404647007,0.6152530670822604,39332227.75115967,22.989999771118164,0.0,0.008333357035765987,0.02676176916953211
2022-12-09,sz001211,0.6189996984319072,0.6219435093746434,0.606956932932032,0.6112388119156352,24081554.39640045,22.84000015258789,0.0,-0.006524559374668448,0.02676176916953211
2022-12-12,sz001211,0.6115064357326134,0.6120416833665698,0.6013369348635378,0.6016045586805161,14905591.535186768,22.479999542236328,0.0,-0.01576184798364688,0.02676176916953211
2022-12-13,sz001211,0.6018721824974943,0.6074921805659884,0.5994636191887146,0.6037454981723177,15484775.964355469,22.559999465942383,0.0,0.0035587155398177917,0.02676176916953211
2022-12-14,sz001211,0.6037454981723177,0.6125768799565025,0.600266490639649,0.6099007438747682,18287281.266784668,22.790000915527344,0.0,0.010195099956991749,0.02676176916953211
2022-12-15,sz001211,0.6144501956313257,0.6200701936998199,0.610971188098657,0.6149854432652822,20865586.14501953,22.979999542236328,0.0,0.008336929314449293,0.02676176916953211
2022-12-16,sz001211,0.6171263827570838,0.6171263827570838,0.6064216852980756,0.6147178194483038,13362345.281982422,22.96999931335449,0.0,-0.00043517097828738027,0.02676176916953211
2022-12-19,sz001211,0.6141826228583714,0.6152530670822604,0.5847446665630813,0.5866179822379047,18231231.160736084,21.920000076293945,0.0,-0.04571176614925221,0.02676176916953211
2022-12-20,sz001211,0.5898294169976191,0.5898294169976191,0.578857044677609,0.581533231803367,9009120.378875732,21.729999542236328,0.0,-0.008667907545451992,0.02676176916953211
2022-12-21,sz001211,0.5842094189291249,0.5890265455466847,0.5777866004537201,0.5842094189291249,10001580.923309326,21.82999992370605,0.0,0.004601950463705817,0.02676176916953211
2022-12-22,sz001211,0.5860827346039484,0.5898294169976191,0.5673495268116903,0.568152347218601,16934343.806983948,21.229999542236328,0.0,-0.027485129801496644,0.02676176916953211
2022-12-23,sz001211,0.5665466553607557,0.5793922923115654,0.5619971525601742,0.5692228424865137,15371181.082763672,21.270000457763672,0.0,0.0018841694013116417,0.02676176916953211
2022-12-26,sz001211,0.5694904663034919,0.5836741712951686,0.565476160092843,0.581533231803367,14892886.844482422,21.729999542236328,0.0,0.021626660769758166,0.02676176916953211
2022-12-27,sz001211,0.6155206908992384,0.6315777626097625,0.6021398063144724,0.6048159934402304,108217808.08486938,22.600000381469727,0.0,0.040036854926866816,0.02676176916953211
2022-12-28,sz001211,0.6077597533389427,0.6147178194483038,0.5917027326724424,0.5946464925711548,39338953.7638855,22.21999931335449,0.0,-0.01681420626996133,0.02676176916953211
2022-12-29,sz001211,0.600266490639649,0.600266490639649,0.5820684794373233,0.5826037270712797,26171662.85095215,21.770000457763672,0.0,-0.020251974324785982,0.02676176916953211
2022-12-30,sz001211,0.5887589217297063,0.6080273771559208,0.5850122903800594,0.5994636191887146,32598741.677856445,22.399999618530277,0.0,0.028938867593911066,0.02676176916953211
2023-01-03,sz001211,0.5991959953717364,0.604280745806274,0.593576048347266,0.5973226796969129,32243757.67288208,22.31999969482422,0.0,-0.003571425226270075,0.02676176916953211
2023-01-04,sz001211,0.5978579273308692,0.6061540614810976,0.5949141163881331,0.6058864376641194,25580558.43256378,22.63999938964844,0.0,0.01433690408599908,0.02676176916953211
2023-01-05,sz001211,0.6058864376641194,0.6093654962408118,0.5981255511478474,0.6058864376641194,22375987.036079407,22.63999938964844,0.0,0.0,0.02676176916953211
2023-01-06,sz001211,0.6093654962408118,0.60963312005779,0.5965198592900022,0.5981255511478474,22322888.902282715,22.350000381469727,0.0,-0.012809143816112867,0.02676176916953211
2023-01-09,sz001211,0.6040131219892959,0.6040131219892959,0.5925055530793534,0.6032103015823852,18571268.47076416,22.540000915527344,0.0,0.008501142318330546,0.02676176916953211
2023-01-10,sz001211,0.6005341144566272,0.6008017382736054,0.5887589217297063,0.5887589217297063,16418944.398498535,22.0,0.0,-0.023957448695370198,0.02676176916953211
2023-01-11,sz001211,0.5887589217297063,0.5914351088554644,0.5793922923115654,0.5812656079863887,14621604.331207275,21.71999931335449,0.0,-0.012727303938432355,0.02676176916953211
2023-01-12,sz001211,0.5793922923115654,0.5863503584209265,0.5793922923115654,0.5842094189291249,8474776.034545898,21.82999992370605,0.0,0.005064484982922224,0.02676176916953211
2023-01-13,sz001211,0.5842094189291249,0.5887589217297063,0.581533231803367,0.5839417951121468,9087590.52734375,21.81999969482422,0.0,-0.00045809569018695484,0.02676176916953211
2023-01-16,sz001211,0.5834065474781904,0.5887589217297063,0.5834065474781904,0.5884912979127281,12286183.24584961,21.989999771118164,0.0,0.00779102102069551,0.02676176916953211
2023-01-17,sz001211,0.5858151107869703,0.5914351088554644,0.5847446665630813,0.5866179822379047,10567313.327026367,21.920000076293945,0.0,-0.0031832512757075104,0.02676176916953211
2023-01-18,sz001211,0.5868856060548829,0.590899861221508,0.5860827346039484,0.5892941693636627,12824264.263916016,22.020000457763672,0.0,0.004562061182557864,0.02676176916953211
2023-01-19,sz001211,0.5898294169976191,0.5981255511478474,0.5858151107869703,0.5978579273308692,17685676.795196533,22.34000015258789,0.0,0.014532229253946038,0.02676176916953211
2023-01-20,sz001211,0.5978579273308692,0.6008017382736054,0.5946464925711548,0.5991959953717364,12973731.213378906,22.38999938964844,0.0,0.0022381037027323636,0.02676176916953211
2023-01-30,sz001211,0.6018721824974943,0.6037454981723177,0.5967874320629565,0.5991959953717364,24766673.526000977,22.38999938964844,0.0,0.0,0.02676176916953211
2023-01-31,sz001211,0.5999988668226708,0.6013369348635378,0.596252235473024,0.6010693110465597,15686556.346130371,22.459999084472656,0.0,0.003126382167593089,0.02676176916953211
2023-02-01,sz001211,0.606956932932032,0.6085626247898773,0.6008017382736054,0.6085626247898773,25327174.586486816,22.739999771118164,0.0,0.012466638381970485,0.02676176916953211
2023-02-02,sz001211,0.6090978724238337,0.6155206908992384,0.6072245567490102,0.610971188098657,29196612.340919495,22.82999992370605,0.0,0.0039577903911061085,0.02676176916953211
2023-02-03,sz001211,0.610971188098657,0.6168587589401056,0.6045483696232522,0.6099007438747682,21138101.760627747,22.790000915527344,0.0,-0.0017520371577913751,0.02676176916953211
2023-02-06,sz001211,0.613647375224415,0.6155206908992384,0.6050836172572085,0.6115064357326134,19464333.49380493,22.850000381469727,0.0,0.002632710115492154,0.02676176916953211
2023-02-07,sz001211,0.6131121275904586,0.6165911861671513,0.6090978724238337,0.613647375224415,14898118.187713623,22.93000030517578,0.0,0.003501090694551179,0.02676176916953211
2023-02-08,sz001211,0.6152530670822604,0.6227463808255779,0.6115064357326134,0.6152530670822604,14954168.293762207,22.989999771118164,0.0,0.0026166360725621285,0.02676176916953211
2023-02-09,sz001211,0.6189996984319072,0.6195349460658637,0.6101683166477225,0.6195349460658637,20478242.54548645,23.149999618530277,0.0,0.006959541061549501,0.02676176916953211
2023-02-10,sz001211,0.6235492012324886,0.6243520726834231,0.6181968780249965,0.6208730651507545,14333880.453491211,23.200000762939453,0.0,0.002159876683935469,0.02676176916953211
2023-02-13,sz001211,0.6224787570085998,0.6262253883582467,0.6211406379237088,0.6256901407242902,14389930.559539795,23.3799991607666,0.0,0.007758551375337985,0.02676176916953211
2023-02-14,sz001211,0.6302396435248716,0.6302396435248716,0.6262253883582467,0.6297044469349391,23477521.086883545,23.530000686645508,0.0,0.006415805443253486,0.02676176916953211
2023-02-15,sz001211,0.6297044469349391,0.6337187021015641,0.6275635074431375,0.6326482068336515,17558629.888153076,23.63999938964844,0.0,0.004674827870505105,0.02676176916953211
2023-02-16,sz001211,0.6329158306506297,0.6329158306506297,0.602942677765407,0.6090978724238337,36171001.77001953,22.76000022888184,0.0,-0.037225007761715,0.02676176916953211
2023-02-17,sz001211,0.6152530670822604,0.6200701936998199,0.6093654962408118,0.6149854432652822,29000250.136062622,22.979999542236328,0.0,0.009666050577421093,0.02676176916953211
2023-02-20,sz001211,0.6128445037734807,0.6243520726834231,0.6048159934402304,0.6219435093746434,35071074.48892212,23.239999771118164,0.0,0.011314196434337065,0.02676176916953211
2023-02-21,sz001211,0.6235492012324886,0.6251549441343576,0.6157883147162168,0.6195349460658637,21481352.610069275,23.149999618530277,0.0,-0.003872639994589644,0.02676176916953211
2023-02-22,sz001211,0.6206054413337763,0.6289015754840045,0.6147178194483038,0.6232816284595343,23298160.747528076,23.290000915527344,0.0,0.006047572324148209,0.02676176916953211
2023-02-23,sz001211,0.6262253883582467,0.6302396435248716,0.6187321256589529,0.6224787570085998,19527856.94732666,23.26000022888184,0.0,-0.0012881359152503435,0.02676176916953211
2023-02-24,sz001211,0.6195349460658637,0.6256901407242902,0.6155206908992384,0.6232816284595343,15189578.73916626,23.290000915527344,0.0,0.001289797349539601,0.02676176916953211
2023-02-27,sz001211,0.6235492012324886,0.6254225679513359,0.6133797514074368,0.6155206908992384,18914892.987579346,23.0,0.0,-0.012451734827283789,0.02676176916953211
2023-02-28,sz001211,0.6181968780249965,0.6211406379237088,0.6115064357326134,0.617394006574062,18078027.53753662,23.06999969482422,0.0,0.003043464992357414,0.02676176916953211
2023-03-01,sz001211,0.6181968780249965,0.6206054413337763,0.6133797514074368,0.6203378175167981,15290468.930053711,23.18000030517578,0.0,0.0047681236153740425,0.02676176916953211
2023-03-02,sz001211,0.6243520726834231,0.6246196965004013,0.6168587589401056,0.6206054413337763,16235847.385406494,23.190000534057617,0.0,0.0004314162532432775,0.02676176916953211
2023-03-03,sz001211,0.6203378175167981,0.6331834544676078,0.6117740595495915,0.6321130102437189,41307657.68873596,23.6200008392334,0.0,0.01854248793760349,0.02676176916953211
2023-03-06,sz001211,0.6321130102437189,0.6385358287191236,0.6187321256589529,0.6278310802160918,47283869.46258545,23.459999084472656,0.0,-0.00677399445706095,0.02676176916953211
2023-03-07,sz001211,0.6318453864267406,0.6318453864267406,0.6128445037734807,0.6152530670822604,28604237.453460693,22.989999771118164,0.0,-0.020034072109813894,0.02676176916953211
2023-03-08,sz001211,0.6123092561395241,0.6187321256589529,0.6099007438747682,0.6171263827570838,16646881.496429443,23.059999465942383,0.0,0.0030447888438935866,0.02676176916953211
2023-03-09,sz001211,0.6171263827570838,0.6302396435248716,0.6141826228583714,0.6254225679513359,31743043.392181396,23.3700008392334,0.0,0.013443251538182377,0.02676176916953211
2023-03-10,sz001211,0.6187321256589529,0.6262253883582467,0.6093654962408118,0.6155206908992384,20719855.869293213,23.0,0.0,-0.01583229892795912,0.02676176916953211
2023-03-13,sz001211,0.6152530670822604,0.6152530670822604,0.604280745806274,0.6141826228583714,18066070.18157959,22.950000762939453,0.0,-0.002173879872197637,0.02676176916953211
2023-03-14,sz001211,0.6149854432652822,0.6160559385331948,0.6008017382736054,0.613647375224415,22902073.331451416,22.93000030517578,0.0,-0.0008714796121475077,0.02676176916953211
2023-03-15,sz001211,0.6168587589401056,0.6181968780249965,0.6128445037734807,0.6165911861671513,13231561.701202393,23.040000915527344,0.0,0.0047972354508314385,0.02676176916953211
2023-03-16,sz001211,0.6133797514074368,0.6198025698828418,0.6107035642816789,0.6192673222488855,19208931.843910217,23.13999938964844,0.0,0.004340211377930281,0.02676176916953211
2023-03-17,sz001211,0.6230140046425561,0.6230140046425561,0.6085626247898773,0.6149854432652822,21261673.56109619,22.979999542236328,0.0,-0.006914427468986406,0.02676176916953211
2023-03-20,sz001211,0.6139149990413932,0.6227463808255779,0.6021398063144724,0.6227463808255779,19453123.472595215,23.270000457763672,0.0,0.012619709369198873,0.02676176916953211
2023-03-21,sz001211,0.6187321256589529,0.6200701936998199,0.613647375224415,0.6179292542080183,19400810.040283203,23.09000015258789,0.0,-0.007735294440689544,0.02676176916953211
2023-03-22,sz001211,0.61766163039104,0.6262253883582467,0.6157883147162168,0.6238168250494668,38224303.98826599,23.309999465942383,0.0,0.009527904369885265,0.02676176916953211
2023-03-23,sz001211,0.6283663278500482,0.6283663278500482,0.6187321256589529,0.6254225679513359,14154520.114135742,23.3700008392334,0.0,0.0025740615472207296,0.02676176916953211
2023-03-24,sz001211,0.6270282598091811,0.6270282598091811,0.6214082617406869,0.6262253883582467,12207713.097381592,23.399999618530277,0.0,0.0012836447676336515,0.02676176916953211
2023-03-27,sz001211,0.6238168250494668,0.6238168250494668,0.6128445037734807,0.6192673222488855,15484738.597618103,23.13999938964844,0.0,-0.01111112107352108,0.02676176916953211
2023-03-28,sz001211,0.617394006574062,0.6192673222488855,0.6101683166477225,0.6131121275904586,15828549.948120117,22.90999984741211,0.0,-0.009939479183358135,0.02676176916953211
2023-03-29,sz001211,0.6120416833665698,0.6155206908992384,0.6048159934402304,0.6080273771559208,12184284.153053284,22.71999931335449,0.0,-0.008293345059933843,0.02676176916953211
2023-03-30,sz001211,0.6061540614810976,0.6101683166477225,0.5965198592900022,0.5986607987818038,15513660.452339172,22.3700008392334,0.0,-0.015404862882868353,0.02676176916953211
2023-03-31,sz001211,0.5957169878390677,0.6026750539484288,0.5949141163881331,0.5967874320629565,14857014.776611328,22.299999237060547,0.0,-0.003129262384741649,0.02676176916953211
2023-04-03,sz001211,0.5970550558799347,0.6010693110465597,0.5943788687541767,0.5978579273308692,12674797.314453125,22.34000015258789,0.0,0.001793763089501077,0.02676176916953211
2023-04-04,sz001211,0.6034778743553395,0.6037454981723177,0.5863503584209265,0.5890265455466847,23088122.31679535,22.01000022888184,0.0,-0.014771706421310093,0.02676176916953211
2023-04-06,sz001211,0.5911674850384862,0.5911674850384862,0.5809979841694106,0.5879560502787717,13571599.011230469,21.96999931335449,0.0,-0.0018173973244607344,0.02676176916953211
2023-04-07,sz001211,0.5879560502787717,0.5943788687541767,0.5834065474781904,0.590899861221508,13813698.102622986,22.07999992370605,0.0,0.005006855429653845,0.02676176916953211
2023-04-10,sz001211,0.590899861221508,0.5930408007133096,0.5777866004537201,0.5804627875794781,15088688.548278809,21.690000534057617,0.0,-0.01766301589655861,0.02676176916953211
2023-04-11,sz001211,0.5783218480876764,0.5831389747052361,0.5769837290027856,0.5812656079863887,10238486.038208008,21.71999931335449,0.0,0.001383069550863647,0.02676176916953211
2023-04-12,sz001211,0.5793922923115654,0.5844770427461031,0.5793922923115654,0.5831389747052361,6116150.205284119,21.790000915527344,0.0,0.003222909962516285,0.02676176916953211
2023-04-13,sz001211,0.5831389747052361,0.5874208536888393,0.5783218480876764,0.5839417951121468,10130122.499847412,21.81999969482422,0.0,0.0013767222595890694,0.02676176916953211
2023-04-14,sz001211,0.585547486969992,0.5898294169976191,0.5812656079863887,0.5868856060548829,11068027.60772705,21.93000030517578,0.0,0.005041274605409596,0.02676176916953211
2023-04-17,sz001211,0.5847446665630813,0.5914351088554644,0.5847446665630813,0.590899861221508,14218043.56765747,22.07999992370605,0.0,0.006839927790373457,0.02676176916953211
2023-04-18,sz001211,0.590899861221508,0.5927731768963315,0.5850122903800594,0.5887589217297063,8452355.992126465,22.0,0.0,-0.003623184962974535,0.02676176916953211
2023-04-19,sz001211,0.5887589217297063,0.590899861221508,0.5839417951121468,0.5844770427461031,8123528.7033081055,21.84000015258789,0.0,-0.0072727203369140625,0.02676176916953211
2023-04-20,sz001211,0.5844770427461031,0.5884912979127281,0.5767161051858074,0.5775189766367418,9408944.468688965,21.57999992370605,0.0,-0.011904772301525424,0.02676176916953211
2023-04-21,sz001211,0.5807304113964563,0.5807304113964563,0.5606590845193072,0.561729528743196,18786725.078414917,20.989999771118164,0.0,-0.027340136917227698,0.02676176916953211
2023-04-24,sz001211,0.5636028444180196,0.5668142791777339,0.5558419579017476,0.564405715868954,10817670.467376709,21.09000015258789,0.0,0.004764191641742022,0.02676176916953211
2023-04-25,sz001211,0.5646733396859323,0.5646733396859323,0.5448696366257613,0.5478133965244736,17613895.29271698,20.46999931335449,0.0,-0.02939785845176124,0.02676176916953211
2023-04-26,sz001211,0.5526305231420333,0.5611942811092396,0.5365734514315093,0.560391460702329,18206307.546913147,20.940000534057617,0.0,0.02296049030136027,0.02676176916953211
2023-04-27,sz001211,0.5641380920519757,0.5686875948525573,0.5545038388168566,0.5628000240111088,17143859.103393555,21.030000686645508,0.0,0.004298001446633615,0.02676176916953211
2023-04-28,sz001211,0.5625324001941306,0.5751104133279621,0.5598562130683726,0.5716314057952934,20136934.76638794,21.36000061035156,0.0,0.01569186461870209,0.02676176916953211
2023-05-04,sz001211,0.5732370976531387,0.5801951637624999,0.5718990296122717,0.5780542242706983,20898431.507164,21.600000381469727,0.0,0.011235944019676536,0.02676176916953211
2023-05-05,sz001211,0.5780542242706983,0.5783218480876764,0.5686875948525573,0.5692228424865137,14507523.682029724,21.270000457763672,0.0,-0.015277773975835518,0.02676176916953211
2023-05-08,sz001211,0.5777866004537201,0.5777866004537201,0.5718990296122717,0.5759132847788967,9625671.545410156,21.520000457763672,0.0,0.011753643376568368,0.02676176916953211
2023-05-09,sz001211,0.5743075418770276,0.5764485324128531,0.5668142791777339,0.5668142791777339,12768214.157867432,21.18000030517578,0.0,-0.015799263260016794,0.02676176916953211
2023-05-10,sz001211,0.5668142791777339,0.5732370976531387,0.5625324001941306,0.5727018500191824,10458202.453918457,21.399999618530277,0.0,0.01038712512675155,0.02676176916953211
2023-05-11,sz001211,0.5702932867104026,0.5831389747052361,0.5689552186695356,0.5812656079863887,15197052.086639404,21.71999931335449,0.0,0.014953257034038714,0.02676176916953211
2023-05-12,sz001211,0.5745751656940057,0.5887589217297063,0.5724342262022043,0.5729694738361605,12360916.720581055,21.40999984741211,0.0,-0.014272535715587065,0.02676176916953211
2023-05-15,sz001211,0.5775189766367418,0.5799275399455217,0.5676170995846446,0.5780542242706983,12861631.001281738,21.600000381469727,0.0,0.00887438278429431,0.02676176916953211
2023-05-16,sz001211,0.5783218480876764,0.5793922923115654,0.5702932867104026,0.5729694738361605,13537221.612854004,21.40999984741211,0.0,-0.00879632086583737,0.02676176916953211
2023-05-17,sz001211,0.5692228424865137,0.5826037270712797,0.5692228424865137,0.5801951637624999,18978565.908050537,21.68000030517578,0.0,0.012610950942921528,0.02676176916953211
2023-05-18,sz001211,0.5780542242706983,0.5847446665630813,0.5759132847788967,0.5831389747052361,10963400.743103027,21.790000915527344,0.0,0.0050738288193337144,0.02676176916953211
2023-05-19,sz001211,0.5828713508882579,0.5844770427461031,0.5804627875794781,0.5820684794373233,12838837.291488647,21.75,0.0,-0.0018357463903931892,0.02676176916953211
2023-05-22,sz001211,0.5780542242706983,0.5991959953717364,0.5777866004537201,0.5887589217297063,28383773.70300293,22.0,0.0,0.011494252873563315,0.02676176916953211
2023-05-23,sz001211,0.5887589217297063,0.5989283715547581,0.5858151107869703,0.589561793180641,27202611.134872437,22.030000686645508,0.0,0.0013636675747958904,0.02676176916953211
2023-05-24,sz001211,0.5892941693636627,0.593576048347266,0.585547486969992,0.5890265455466847,15352011.946495056,22.01000022888184,0.0,-0.0009078736786327646,0.02676176916953211
2023-05-25,sz001211,0.5898294169976191,0.5938436721642442,0.5858151107869703,0.5927731768963315,17171062.0881958,22.149999618530277,0.0,0.0063607173190634025,0.02676176916953211
2023-05-26,sz001211,0.596252235473024,0.596252235473024,0.5863503584209265,0.58822367409575,12233869.813537598,21.979999542236328,0.0,-0.007674947143192279,0.02676176916953211
2023-05-29,sz001211,0.5927731768963315,0.593576048347266,0.585547486969992,0.5884912979127281,12291414.58908081,21.989999771118164,0.0,0.00045496947634693363,0.02676176916953211
2023-05-30,sz001211,0.5919703564894208,0.5919703564894208,0.5839417951121468,0.5906322374045299,21130889.980316162,22.06999969482422,0.0,0.00363801384896445,0.02676176916953211
2023-05-31,sz001211,0.5887589217297063,0.5925055530793534,0.5826037270712797,0.585547486969992,17336671.468200684,21.8799991607666,0.0,-0.008608995771856587,0.02676176916953211
2023-06-01,sz001211,0.5850122903800594,0.5890265455466847,0.5801951637624999,0.585547486969992,18391908.13140869,21.8799991607666,0.0,0.0,0.02676176916953211
2023-06-02,sz001211,0.5858151107869703,0.590899861221508,0.585547486969992,0.5892941693636627,10489590.513305664,22.020000457763672,0.0,0.006398597000319306,0.02676176916953211
2023-06-05,sz001211,0.5922379292623751,0.5922379292623751,0.5871532298718611,0.5900969897705735,11647212.036895752,22.049999237060547,0.0,0.0013623423557331815,0.02676176916953211
2023-06-06,sz001211,0.5892941693636627,0.5919703564894208,0.5793922923115654,0.5793922923115654,20707450.112487793,21.649999618530277,0.0,-0.01814057289661808,0.02676176916953211
2023-06-07,sz001211,0.581533231803367,0.5884912979127281,0.5668142791777339,0.5796599161285435,18051870.821380615,21.65999984741211,0.0,0.00046190434448201145,0.02676176916953211
2023-06-08,sz001211,0.5796599161285435,0.5799275399455217,0.5756456609619186,0.5764485324128531,14027473.207092285,21.540000915527344,0.0,-0.005540116931215144,0.02676176916953211
2023-06-09,sz001211,0.578857044677609,0.5807304113964563,0.5633352206010414,0.5660114077267994,20476972.076416016,21.149999618530277,0.0,-0.0181059090260266,0.02676176916953211
2023-06-12,sz001211,0.5700256628934244,0.5767161051858074,0.5598562130683726,0.5737723452870951,25632087.163391113,21.440000534057617,0.0,0.013711627459002784,0.02676176916953211
2023-06-13,sz001211,0.5740399691040733,0.5785894719046547,0.5724342262022043,0.5780542242706983,21362563.751983643,21.600000381469727,0.0,0.007462679264300887,0.02676176916953211
2023-06-14,sz001211,0.5801951637624999,0.5820684794373233,0.5751104133279621,0.5785894719046547,11318384.748077393,21.6200008392334,0.0,0.0009259471023357335,0.02676176916953211
2023-06-15,sz001211,0.5804627875794781,0.581533231803367,0.5737723452870951,0.5767161051858074,12312339.962005615,21.549999237060547,0.0,-0.003237816811080818,0.02676176916953211
2023-06-16,sz001211,0.5767161051858074,0.5834065474781904,0.5767161051858074,0.5820684794373233,17198451.906684875,21.75,0.0,0.009280778191188999,0.02676176916953211
2023-06-19,sz001211,0.581533231803367,0.581533231803367,0.5697580901204701,0.5729694738361605,20480708.750152588,21.40999984741211,0.0,-0.015632190923581146,0.02676176916953211
2023-06-20,sz001211,0.5727018500191824,0.5737723452870951,0.561729528743196,0.5619971525601742,16466773.82232666,21.0,0.0,-0.019149922948816234,0.02676176916953211
2023-06-21,sz001211,0.564405715868954,0.5673495268116903,0.5534333945929678,0.5534333945929678,18066817.516326904,20.68000030517578,0.0,-0.015238080705915147,0.02676176916953211
2023-06-26,sz001211,0.5515600789181443,0.556377205535704,0.5432638937238923,0.544334388991805,24415426.194763184,20.34000015258789,0.0,-0.016441012938611776,0.02676176916953211
2023-06-27,sz001211,0.5472781999345412,0.5660114077267994,0.544334388991805,0.5660114077267994,25977355.81665039,21.149999618530277,0.0,0.03982298229429104,0.02676176916953211
2023-06-28,sz001211,0.5660114077267994,0.5692228424865137,0.5566447783086583,0.5689552186695356,17633363.36288452,21.26000022888184,0.0,0.005200974578514206,0.02676176916953211
2023-06-29,sz001211,0.5678847234016227,0.5847446665630813,0.5678847234016227,0.581533231803367,30172893.08807373,21.729999542236328,0.0,0.02210721111451308,0.02676176916953211
2023-06-30,sz001211,0.5839417951121468,0.5892941693636627,0.5793922923115654,0.5868856060548829,21740528.300437927,21.93000030517578,0.0,0.009203900927412079,0.02676176916953211
2023-07-03,sz001211,0.5868856060548829,0.597590303513891,0.5842094189291249,0.5874208536888393,25487851.557159424,21.950000762939453,0.0,0.0009120135652234129,0.02676176916953211
2023-07-04,sz001211,0.5887589217297063,0.5983931749648255,0.5876884264617936,0.596252235473024,28155836.60507202,22.280000686645508,0.0,0.015034164566555708,0.02676176916953211
2023-07-05,sz001211,0.6010693110465597,0.6010693110465597,0.5917027326724424,0.5925055530793534,18104184.253692627,22.13999938964844,0.0,-0.0062837204974137695,0.02676176916953211
2023-07-06,sz001211,0.5951817402051113,0.5999988668226708,0.5903646135875517,0.5967874320629565,16644078.991127014,22.299999237060547,0.0,0.007226732241325751,0.02676176916953211
2023-07-07,sz001211,0.5941112959812224,0.6008017382736054,0.589561793180641,0.5970550558799347,20798326.01776123,22.309999465942383,0.0,0.00044844077237526925,0.02676176916953211
2023-07-10,sz001211,0.6021398063144724,0.6021398063144724,0.5906322374045299,0.5951817402051113,15368939.078521729,22.239999771118164,0.0,-0.0031375928507338946,0.02676176916953211
2023-07-11,sz001211,0.5951817402051113,0.5994636191887146,0.5922379292623751,0.5967874320629565,12443123.542785645,22.299999237060547,0.0,0.002697817741001085,0.02676176916953211
2023-07-12,sz001211,0.5986607987818038,0.600266490639649,0.5890265455466847,0.5898294169976191,15731396.430969238,22.040000915527344,0.0,-0.011659117956430709,0.02676176916953211
2023-07-13,sz001211,0.5914351088554644,0.596252235473024,0.5850122903800594,0.5917027326724424,16800085.119628906,22.11000061035156,0.0,0.003176029578787265,0.02676176916953211
2023-07-14,sz001211,0.5917027326724424,0.5946464925711548,0.5874208536888393,0.589561793180641,13257718.417358398,22.030000686645508,0.0,-0.003618268724452034,0.02676176916953211
2023-07-17,sz001211,0.5860827346039484,0.589561793180641,0.5812656079863887,0.5863503584209265,23204743.90411377,21.90999984741211,0.0,-0.005447155492198541,0.02676176916953211
2023-07-18,sz001211,0.5879560502787717,0.5927731768963315,0.5842094189291249,0.590899861221508,18911305.780792236,22.07999992370605,0.0,0.00775901768497822,0.02676176916953211
2023-07-19,sz001211,0.5927731768963315,0.5957169878390677,0.5892941693636627,0.5919703564894208,15720186.409759521,22.1200008392334,0.0,0.0018116356732591488,0.02676176916953211
2023-07-20,sz001211,0.5951817402051113,0.5959846116560458,0.5866179822379047,0.5874208536888393,15484775.964355469,21.950000762939453,0.0,-0.0076853557795723,0.02676176916953211
2023-07-21,sz001211,0.5874208536888393,0.593576048347266,0.585547486969992,0.5868856060548829,14483347.402954102,21.93000030517578,0.0,-0.0009111825543733909,0.02676176916953211
2023-07-24,sz001211,0.5914351088554644,0.5941112959812224,0.5807304113964563,0.5914351088554644,25797995.477294922,22.100000381469727,0.0,0.00775194135559687,0.02676176916953211
2023-07-25,sz001211,0.5978579273308692,0.5989283715547581,0.5914351088554644,0.5978579273308692,28344688.095718384,22.34000015258789,0.0,0.010859717962692805,0.02676176916953211
2023-07-26,sz001211,0.6016045586805161,0.6082950009728991,0.5954493640220894,0.6066893091150538,30771508.220672607,22.670000076293945,0.0,0.014771706421310205,0.02676176916953211
2023-07-27,sz001211,0.60963312005779,0.6133797514074368,0.6010693110465597,0.6024074301314507,25988565.837860107,22.51000022888184,0.0,-0.007057778865180442,0.02676176916953211
2023-07-28,sz001211,0.6021398063144724,0.6120416833665698,0.6013369348635378,0.6107035642816789,24498567.185401917,22.81999969482422,0.0,0.013771633175935216,0.02676176916953211
2023-07-31,sz001211,0.6152530670822604,0.61766163039104,0.6101683166477225,0.6155206908992384,25602716.907821655,23.0,0.0,0.007887831182425753,0.02676176916953211
2023-08-01,sz001211,0.6155206908992384,0.6155206908992384,0.6026750539484288,0.6032103015823852,27058188.69495392,22.540000915527344,0.0,-0.019999960194463262,0.02676176916953211
2023-08-02,sz001211,0.6021398063144724,0.6090978724238337,0.6010693110465597,0.606956932932032,21546594.933509827,22.68000030517578,0.0,0.0062111527933432775,0.02676176916953211
2023-08-03,sz001211,0.6120416833665698,0.6120416833665698,0.5959846116560458,0.5965198592900022,16508624.56817627,22.290000915527344,0.0,-0.017195740052941555,0.02676176916953211
2023-08-04,sz001211,0.5991959953717364,0.6016045586805161,0.590899861221508,0.5922379292623751,20570388.919830322,22.1299991607666,0.0,-0.007178185203630227,0.02676176916953211
2023-08-07,sz001211,0.5898294169976191,0.5933084245302878,0.578857044677609,0.5809979841694106,28284751.848983765,21.709999084472656,0.0,-0.018978766028990512,0.02676176916953211
2023-08-08,sz001211,0.5868856060548829,0.5887589217297063,0.5780542242706983,0.5871532298718611,20241561.631011963,21.940000534057617,0.0,0.010594263440087515,0.02676176916953211
2023-08-09,sz001211,0.5866179822379047,0.5871532298718611,0.5772513528197638,0.578857044677609,14950431.620025635,21.6299991607666,0.0,-0.014129506187103291,0.02676176916953211
2023-08-10,sz001211,0.5823361032543016,0.5868856060548829,0.5756456609619186,0.5860827346039484,13706193.999221802,21.899999618530277,0.0,0.012482684615791051,0.02676176916953211
2023-08-11,sz001211,0.5863503584209265,0.5914351088554644,0.5809979841694106,0.5863503584209265,17460056.4349823,21.90999984741211,0.0,0.00045663146374530506,0.02676176916953211
2023-08-14,sz001211,0.5852799141970377,0.5884912979127281,0.5729694738361605,0.5834065474781904,20677332.52217102,21.799999237060547,0.0,-0.005020566459043363,0.02676176916953211
2023-08-15,sz001211,0.5847446665630813,0.5876884264617936,0.5783218480876764,0.5863503584209265,17084072.3236084,21.90999984741211,0.0,0.0050458997340034895,0.02676176916953211
2023-08-16,sz001211,0.5868856060548829,0.5917027326724424,0.5812656079863887,0.5850122903800594,18234967.834472656,21.86000061035156,0.0,-0.0022820281793135555,0.02676176916953211
2023-08-17,sz001211,0.5874208536888393,0.5967874320629565,0.5799275399455217,0.5957169878390677,23044066.933441162,22.26000022888184,0.0,0.018298243703655848,0.02676176916953211
2023-08-18,sz001211,0.5957169878390677,0.6144501956313257,0.5954493640220894,0.6018721824974943,44775141.44932556,22.489999771118164,0.0,0.0103324141900909,0.02676176916953211
2023-08-21,sz001211,0.5970550558799347,0.6115064357326134,0.5970550558799347,0.6018721824974943,29572035.95123291,22.489999771118164,0.0,0.0,0.02676176916953211
2023-08-22,sz001211,0.6093654962408118,0.6093654962408118,0.5718990296122717,0.5799275399455217,36122425.01144409,21.670000076293945,0.0,-0.03646063597907501,0.02676176916953211
2023-08-23,sz001211,0.5799275399455217,0.5842094189291249,0.5740399691040733,0.5753780371449403,26862947.492218018,21.5,0.0,-0.007844950424338859,0.02676176916953211
2023-08-24,sz001211,0.5753780371449403,0.5791246684945873,0.5598562130683726,0.5676170995846446,27699962.409210205,21.209999084472656,0.0,-0.013488414675690397,0.02676176916953211
2023-08-25,sz001211,0.5678847234016227,0.5718990296122717,0.5534333945929678,0.5547714626338349,23993182.062530518,20.729999542236328,0.0,-0.022630813906433622,0.02676176916953211
2023-08-28,sz001211,0.5759132847788967,0.5823361032543016,0.5574476497595927,0.5595885892513944,46319807.638549805,20.90999984741211,0.0,0.008683082930563524,0.02676176916953211
2023-08-29,sz001211,0.5641380920519757,0.6101683166477225,0.5566447783086583,0.6061540614810976,69718858.57696533,22.649999618530277,0.0,0.0832137629753984,0.02676176916953211
2023-08-30,sz001211,0.6061540614810976,0.6141826228583714,0.5997312430056926,0.6032103015823852,62791065.46936035,22.540000915527344,0.0,-0.004856454960508794,0.02676176916953211
2023-08-31,sz001211,0.6032103015823852,0.6085626247898773,0.596252235473024,0.5994636191887146,27457078.616333008,22.399999618530277,0.0,-0.006211237413953352,0.02676176916953211
2023-09-01,sz001211,0.6021398063144724,0.6125768799565025,0.597590303513891,0.6120416833665698,37075276.81427002,22.8700008392334,0.0,0.020982197710142536,0.02676176916953211
2023-09-04,sz001211,0.6120416833665698,0.6278310802160918,0.60963312005779,0.6243520726834231,57925916.26434326,23.32999992370605,0.0,0.020113645281705672,0.02676176916953211
2023-09-05,sz001211,0.6235492012324886,0.6272958836261593,0.6128445037734807,0.6222111331916215,40094509.19342041,23.25,0.0,-0.003429058035476551,0.02676176916953211
2023-09-06,sz001211,0.6155206908992384,0.6286339516670264,0.6155206908992384,0.6203378175167981,33977574.28665161,23.18000030517578,0.0,-0.003010739562331999,0.02676176916953211
2023-09-07,sz001211,0.6264930121752248,0.6275635074431375,0.6088302486068554,0.6120416833665698,39548954.82788086,22.8700008392334,0.0,-0.01337357471359324,0.02676176916953211
2023-09-08,sz001211,0.6120416833665698,0.6203378175167981,0.6077597533389427,0.6152530670822604,32875255.534362793,22.989999771118164,0.0,0.005247001638885251,0.02676176916953211
2023-09-11,sz001211,0.6152530670822604,0.61766163039104,0.6080273771559208,0.6093654962408118,31814040.19317627,22.770000457763672,0.0,-0.009569348218562035,0.02676176916953211
2023-09-12,sz001211,0.60963312005779,0.6131121275904586,0.6018721824974943,0.6021398063144724,16202217.321777344,22.5,0.0,-0.01185772737530233,0.02676176916953211
2023-09-13,sz001211,0.6024074301314507,0.6066893091150538,0.5986607987818038,0.6013369348635378,21710074.409484863,22.46999931335449,0.0,-0.0013333638509116508,0.02676176916953211
2023-09-14,sz001211,0.6034778743553395,0.6048159934402304,0.5887589217297063,0.5986607987818038,31029338.708496094,22.3700008392334,0.0,-0.004450310510764388,0.02676176916953211
2023-09-15,sz001211,0.6050836172572085,0.6050836172572085,0.5887589217297063,0.5930408007133096,26829317.428588867,22.15999984741211,0.0,-0.009387616626861273,0.02676176916953211
2023-09-18,sz001211,0.590899861221508,0.6147178194483038,0.5876884264617936,0.6112388119156352,35838400.440727234,22.84000015258789,0.0,0.03068593456038271,0.02676176916953211
2023-09-19,sz001211,0.6088302486068554,0.6131121275904586,0.5965198592900022,0.5978579273308692,26833054.10232544,22.34000015258789,0.0,-0.02189141841767228,0.02676176916953211
2023-09-20,sz001211,0.5991959953717364,0.6074921805659884,0.5978579273308692,0.6016045586805161,22431252.44064331,22.479999542236328,0.0,0.0062667586701972144,0.02676176916953211
2023-09-21,sz001211,0.6064216852980756,0.6082950009728991,0.5954493640220894,0.600266490639649,24617206.576538086,22.43000030517578,0.0,-0.0022241653949595097,0.02676176916953211
2023-09-22,sz001211,0.6008017382736054,0.6082950009728991,0.5917027326724424,0.6072245567490102,21818437.94784546,22.690000534057617,0.0,0.011591628414817201,0.02676176916953211
2023-09-25,sz001211,0.6074921805659884,0.60963312005779,0.5954493640220894,0.5986607987818038,19497963.557434082,22.3700008392334,0.0,-0.014103115350037165,0.02676176916953211
2023-09-26,sz001211,0.5986607987818038,0.5986607987818038,0.5860827346039484,0.5892941693636627,23910975.240325928,22.020000457763672,0.0,-0.015645970868981007,0.02676176916953211
2023-09-27,sz001211,0.5914351088554644,0.6021398063144724,0.5839417951121468,0.6016045586805161,27539285.438537598,22.479999542236328,0.0,0.020890057897817726,0.02676176916953211
2023-09-28,sz001211,0.6018721824974943,0.61766163039104,0.5999988668226708,0.6141826228583714,30308160.677337646,22.950000762939453,0.0,0.02090752803709206,0.02676176916953211
2023-10-09,sz001211,0.6131121275904586,0.6131121275904586,0.5836741712951686,0.5866179822379047,40572803.43170166,21.920000076293945,0.0,-0.04488020271915605,0.02676176916953211
2023-10-10,sz001211,0.5866179822379047,0.596252235473024,0.5753780371449403,0.596252235473024,34224194.75326538,22.280000686645508,0.0,0.01642338545157651,0.02676176916953211
2023-10-11,sz001211,0.5900969897705735,0.5917027326724424,0.5646733396859323,0.5820684794373233,75921923.81336212,21.75,0.0,-0.023788180893692057,0.02676176916953211
2023-10-12,sz001211,0.5705609105273808,0.5740399691040733,0.5622647763771526,0.5702932867104026,51323213.77182007,21.309999465942383,0.0,-0.020229909611844454,0.02676176916953211
2023-10-13,sz001211,0.5700256628934244,0.5700256628934244,0.561729528743196,0.5652085873198887,34514721.136283875,21.1200008392334,0.0,-0.008915937656997164,0.02676176916953211
2023-10-16,sz001211,0.5660114077267994,0.5783218480876764,0.5641380920519757,0.5727018500191824,40580127.31222534,21.399999618530277,0.0,0.013257517432326171,0.02676176916953211
2023-10-17,sz001211,0.5753780371449403,0.5844770427461031,0.5670819029947121,0.5807304113964563,31556209.705352783,21.700000762939453,0.0,0.014018745315743208,0.02676176916953211
2023-10-18,sz001211,0.5756456609619186,0.5852799141970377,0.568152347218601,0.5852799141970377,23973639.258888245,21.8700008392334,0.0,0.007834104622903126,0.02676176916953211
2023-10-19,sz001211,0.5777866004537201,0.5834065474781904,0.5606590845193072,0.5775189766367418,44354317.25311279,21.57999992370605,0.0,-0.013260215107404272,0.02676176916953211
2023-10-20,sz001211,0.5751104133279621,0.5751104133279621,0.5628000240111088,0.5646733396859323,27123580.485343933,21.100000381469727,0.0,-0.02224279628977366,0.02676176916953211
2023-10-23,sz001211,0.564405715868954,0.5662790315437775,0.5488838917923865,0.5520952755080769,28522030.631256104,20.6299991607666,0.0,-0.02227493896710475,0.02676176916953211
2023-10-24,sz001211,0.5515600789181443,0.581533231803367,0.5515600789181443,0.5799275399455217,64512812.626960754,21.670000076293945,0.0,0.05041206775738405,0.02676176916953211
2023-10-25,sz001211,0.5842094189291249,0.5911674850384862,0.5756456609619186,0.5852799141970377,46069450.49819946,21.8700008392334,0.0,0.009229384505551774,0.02676176916953211
2023-10-26,sz001211,0.5826037270712797,0.5919703564894208,0.5745751656940057,0.5898294169976191,39859098.74801636,22.040000915527344,0.0,0.007773208494303185,0.02676176916953211
2023-10-27,sz001211,0.5941112959812224,0.637465333451211,0.5941112959812224,0.6195349460658637,129229124.50561523,23.149999618530277,0.0,0.05036291546707372,0.02676176916953211
2023-10-30,sz001211,0.6144501956313257,0.6390710253090562,0.6144501956313257,0.6289015754840045,93933064.8910141,23.5,0.0,0.015118807224064446,0.02676176916953211
2023-10-31,sz001211,0.630774891158828,0.6425500838857489,0.6289015754840045,0.6318453864267406,55867009.03549194,23.61000061035156,0.0,0.0046808770362365415,0.02676176916953211
2023-11-01,sz001211,0.6286339516670264,0.6369300858172546,0.6286339516670264,0.6342539497355205,49884594.383239746,23.700000762939453,0.0,0.0038119504557927453,0.02676176916953211
2023-11-02,sz001211,0.6326482068336515,0.6824251138230688,0.6326482068336515,0.6409443920279035,157624108.22982788,23.950000762939453,0.0,0.010548522867177779,0.02676176916953211
2023-11-03,sz001211,0.6422824600687705,0.6580719079623164,0.6339863259185423,0.6396062729430128,152833692.49954224,23.899999618530277,0.0,-0.002087730388992237,0.02676176916953211
2023-11-06,sz001211,0.6294368231179609,0.6441557757435941,0.6251549441343576,0.6412119648008578,92617195.23468018,23.959999084472656,0.0,0.002510437945608235,0.02676176916953211
2023-11-07,sz001211,0.6414795886178359,0.6527195337108006,0.6371977096342328,0.6449586471945286,71411571.77963257,24.100000381469727,0.0,0.005843126141344301,0.02676176916953211
2023-11-08,sz001211,0.6446910233775504,0.6519167133038897,0.6409443920279035,0.6444233995605722,52149018.66760254,24.07999992370605,0.0,-0.0008298944998794688,0.02676176916953211
2023-11-09,sz001211,0.6422824600687705,0.6513814656699334,0.6342539497355205,0.6342539497355205,55904375.772857666,23.700000762939453,0.0,-0.015780696095123337,0.02676176916953211
2023-11-10,sz001211,0.6355920177763875,0.6476348343202866,0.6305072673418498,0.6433529553366834,50583352.37197876,24.040000915527344,0.0,0.014345997537669408,0.02676176916953211
2023-11-13,sz001211,0.6441557757435941,0.6634242822138324,0.6441557757435941,0.6612832916780069,55747435.47592163,24.709999084472656,0.0,0.02787013907776359,0.02676176916953211
2023-11-14,sz001211,0.662889034579876,0.6663680421125449,0.6516490894869116,0.6540576527956914,35577804.814338684,24.440000534057617,0.0,-0.010926692044464725,0.02676176916953211
2023-11-15,sz001211,0.656198592287493,0.6765375429816203,0.6513814656699334,0.6671709135634792,54955260.64376831,24.93000030517578,0.0,0.0200490900331749,0.02676176916953211
2023-11-16,sz001211,0.6631566583968542,0.665565221705634,0.6540576527956914,0.6556633446535366,42882067.80090332,24.5,0.0,-0.01724830725679971,0.02676176916953211
2023-11-17,sz001211,0.6618185393119633,0.6626214107628979,0.6532547813447569,0.6556633446535366,24703150.072479248,24.5,0.0,0.0,0.02676176916953211
2023-11-20,sz001211,0.6556633446535366,0.6586071555962727,0.6511138418529552,0.6570014126944037,34347504.986572266,24.549999237060547,0.0,0.002040785186144811,0.02676176916953211
2023-11-21,sz001211,0.6575366603283601,0.6677061611974356,0.6508462180359771,0.6599452236371399,43255735.17456055,24.65999984741211,0.0,0.004480676731977606,0.02676176916953211
2023-11-22,sz001211,0.6594099760031836,0.6837631818639358,0.6532547813447569,0.6690442292383026,71908549.38659668,25.0,0.0,0.013787516410855627,0.02676176916953211
2023-11-23,sz001211,0.668241357787368,0.6690442292383026,0.6572690365113819,0.6634242822138324,66718309.5664978,24.790000915527344,0.0,-0.00839996337890625,0.02676176916953211
2023-11-24,sz001211,0.6677061611974356,0.6677061611974356,0.6503109704020207,0.6545928493856239,32617425.046539307,24.459999084472656,0.0,-0.013311892652976387,0.02676176916953211
2023-11-27,sz001211,0.6551280970195803,0.6596775998201618,0.6479024070932409,0.654860473202602,28783597.792816162,24.46999931335449,0.0,0.0004088401167676725,0.02676176916953211
2023-11-28,sz001211,0.6545928493856239,0.6674385373804574,0.6470995866863302,0.6610157189050526,23981972.0413208,24.700000762939453,0.0,0.009399323908417134,0.02676176916953211
2023-11-29,sz001211,0.6636918549867867,0.6677061611974356,0.6570014126944037,0.6650299740716776,36286838.65585327,24.850000381469727,0.0,0.006072858862228747,0.02676176916953211
2023-11-30,sz001211,0.6639594788037649,0.6639594788037649,0.6503109704020207,0.661550915494985,34822062.55111694,24.71999931335449,0.0,-0.005231431232177286,0.02676176916953211
2023-12-01,sz001211,0.6647623502546994,0.668241357787368,0.6556633446535366,0.6658327944785883,41249141.37802124,24.8799991607666,0.0,0.00647248591652172,0.02676176916953211
2023-12-04,sz001211,0.6636918549867867,0.6687766054213246,0.6575366603283601,0.6634242822138324,38484002.81295776,24.790000915527344,0.0,-0.0036172929370985596,0.02676176916953211
2023-12-05,sz001211,0.6634242822138324,0.6727908605879497,0.6610157189050526,0.6610157189050526,50874812.9234314,24.700000762939453,0.0,-0.003630502188949891,0.02676176916953211
2023-12-06,sz001211,0.6604804712710962,0.6698471006892373,0.6208730651507545,0.6639594788037649,33450703.289794922,24.809999465942383,0.0,0.004453388647986278,0.02676176916953211
2023-12-07,sz001211,0.6636918549867867,0.6701147245062155,0.6529871575277788,0.6631566583968542,31538273.671417236,24.780000686645508,0.0,-0.001209140666772468,0.02676176916953211
2023-12-08,sz001211,0.661550915494985,0.662889034579876,0.6313101387927843,0.6422824600687705,50299365.16799927,24.0,0.0,-0.03147702441614009,0.02676176916953211
2023-12-11,sz001211,0.6420148362517925,0.6487052785441755,0.6262253883582467,0.6329158306506297,46951305.50003052,23.649999618530277,0.0,-0.014583349227905162,0.02676176916953211
2023-12-12,sz001211,0.6353243939594094,0.6457614676014393,0.6246196965004013,0.6441557757435941,29934493.30368042,24.06999969482422,0.0,0.017758988713254098,0.02676176916953211
2023-12-13,sz001211,0.6441557757435941,0.652184337120868,0.6347891463254529,0.6462967152353958,27509392.04864502,24.149999618530277,0.0,0.003323636257596574,0.02676176916953211
2023-12-14,sz001211,0.6462967152353958,0.6575366603283601,0.6414795886178359,0.6497757738120882,22412569.07196045,24.280000686645508,0.0,0.005383067087731286,0.02676176916953211
2023-12-15,sz001211,0.6511138418529552,0.6618185393119633,0.646831962869352,0.6599452236371399,31601049.79019165,24.65999984741211,0.0,0.01565070634349719,0.02676176916953211
2023-12-18,sz001211,0.6596775998201618,0.6658327944785883,0.6489729023611536,0.6516490894869116,31713150.00228882,24.350000381469727,0.0,-0.012570943546656776,0.02676176916953211
2023-12-19,sz001211,0.6516490894869116,0.6570014126944037,0.6436205281096377,0.6567338399214494,26209029.58831787,24.540000915527344,0.0,0.007802896553636529,0.02676176916953211
2023-12-20,sz001211,0.6537900289787132,0.6658327944785883,0.653522405161735,0.6556633446535366,26758320.627593994,24.5,0.0,-0.001630029096781116,0.02676176916953211
2023-12-21,sz001211,0.656198592287493,0.6636918549867867,0.6406767682109253,0.6612832916780069,41245404.70428467,24.709999084472656,0.0,0.008571391202965462,0.02676176916953211
2023-12-22,sz001211,0.6674385373804574,0.6703822972791698,0.6489729023611536,0.6513814656699334,34082201.151275635,24.34000015258789,0.0,-0.014973652189136155,0.02676176916953211
2023-12-25,sz001211,0.6513814656699334,0.6580719079623164,0.6313101387927843,0.6358596415933658,33417073.22616577,23.76000022888184,0.0,-0.023829084637223552,0.02676176916953211
2023-12-26,sz001211,0.6398738967599908,0.6422824600687705,0.6272958836261593,0.6275635074431375,25697105.28640747,23.450000762939453,0.0,-0.013047115444281943,0.02676176916953211
2023-12-27,sz001211,0.6305072673418498,0.6433529553366834,0.6251549441343576,0.6406767682109253,32890202.229309082,23.940000534057617,0.0,0.020895511947810474,0.02676176916953211
2023-12-28,sz001211,0.6369300858172546,0.6460290914184176,0.6243520726834231,0.6326482068336515,36163528.42254639,23.63999938964844,0.0,-0.012531375844473613,0.02676176916953211
2023-12-29,sz001211,0.6342539497355205,0.6476348343202866,0.6329158306506297,0.6465643390523739,38637206.43615723,24.15999984741211,0.0,0.021996635837112866,0.02676176916953211
2024-01-02,sz001211,0.6484376547271973,0.6661004182955667,0.6484376547271973,0.6620861631289415,52253645.53222656,24.739999771118164,0.0,0.024006619510313465,0.02676176916953211
2024-01-03,sz001211,0.6620861631289415,0.6661004182955667,0.6556633446535366,0.6642271026207431,33891630.79071045,24.81999969482422,0.0,0.0032336266954799964,0.02676176916953211
2024-01-04,sz001211,0.6642271026207431,0.6687766054213246,0.660212847454118,0.668241357787368,25720011.09641266,24.96999931335449,0.0,0.006043498000588121,0.02676176916953211
2024-01-05,sz001211,0.6722556639980171,0.6751994238967294,0.6567338399214494,0.6610157189050526,34990698.63684845,24.700000762939453,0.0,-0.010812917814965073,0.02676176916953211
2024-01-08,sz001211,0.6612832916780069,0.6685089816043464,0.6543252766126696,0.6543252766126696,32957462.356567383,24.450000762939453,0.0,-0.010121457177244553,0.02676176916953211
2024-01-09,sz001211,0.6545928493856239,0.6674385373804574,0.6511138418529552,0.6620861631289415,32830415.449523926,24.739999771118164,0.0,0.011860899759900345,0.02676176916953211
2024-01-10,sz001211,0.6636918549867867,0.6685089816043464,0.6476348343202866,0.6556633446535366,31305852.56500244,24.5,0.0,-0.009700880086439767,0.02676176916953211
2024-01-11,sz001211,0.658874779413251,0.6607480950880744,0.6492405261781319,0.6596775998201618,21246726.866149902,24.649999618530277,0.0,0.006122433409398997,0.02676176916953211
2024-01-12,sz001211,0.6677061611974356,0.6677061611974356,0.6545928493856239,0.6556633446535366,28742494.381713867,24.5,0.0,-0.006085177316494383,0.02676176916953211
2024-01-15,sz001211,,,,,,,,,0.02676176916953211
2024-01-16,sz001211,0.6636918549867867,0.6661004182955667,0.6487052785441755,0.6575366603283601,35890751.23977661,24.56999969482422,0.0,0.002857130400988561,0.02676176916953211
2024-01-17,sz001211,0.6578042841453382,0.6647623502546994,0.6476348343202866,0.6476348343202866,34313874.922943115,24.200000762939453,0.0,-0.015058971773724061,0.02676176916953211
2024-01-18,sz001211,0.6497757738120882,0.6497757738120882,0.6184645018419745,0.6305072673418498,57406518.61495972,23.559999465942383,0.0,-0.02644633375289751,0.02676176916953211
2024-01-19,sz001211,0.6305072673418498,0.6479024070932409,0.6230140046425561,0.624084448866445,43338988.26541138,23.31999969482422,0.0,-0.010186747731683932,0.02676176916953211
2024-01-22,sz001211,0.6366625130443003,0.6393386491260346,0.574842789510984,0.5785894719046547,62309034.55734253,21.6200008392334,0.0,-0.07289875119372868,0.02676176916953211
2024-01-23,sz001211,0.574842789510984,0.5780542242706983,0.551024831284188,0.561729528743196,83507184.66491699,20.989999771118164,0.0,-0.029139733749315333,0.02676176916953211
2024-01-24,sz001211,0.5660114077267994,0.5852799141970377,0.5459400808496503,0.5628000240111088,74595217.80319214,21.030000686645508,0.0,0.0019057130044557447,0.02676176916953211
2024-01-25,sz001211,0.5718990296122717,0.5978579273308692,0.5558419579017476,0.5941112959812224,54742270.24078369,22.200000762939453,0.0,0.05563480922931774,0.02676176916953211
2024-01-26,sz001211,0.5970550558799347,0.6147178194483038,0.5941112959812224,0.6074921805659884,49219466.45812988,22.700000762939453,0.0,0.022522521748499003,0.02676176916953211
2024-01-29,sz001211,0.6093654962408118,0.6093654962408118,0.5759132847788967,0.5785894719046547,55938005.83648682,21.6200008392334,0.0,-0.04757708755099632,0.02676176916953211
2024-01-30,sz001211,0.5807304113964563,0.5807304113964563,0.5424610733169816,0.5491515156093646,50474988.833618164,20.520000457763672,0.0,-0.05087883158050466,0.02676176916953211
2024-01-31,sz001211,0.5405877576421582,0.5491515156093646,0.49562797727030034,0.49562797727030034,102047513.47714233,18.520000457763672,0.0,-0.0974658847652855,0.02676176916953211
2024-02-01,sz001211,0.491078474469719,0.49883936098599096,0.464584329117165,0.47180996799948055,110669066.05606079,17.6299991607666,0.0,-0.048056224351980426,0.02676176916953211
2024-02-02,sz001211,0.47234521563343695,0.48519085258424666,0.4247092736578331,0.433808253736984,108895715.43415833,16.209999084472656,0.0,-0.0805445345371304,0.02676176916953211
2024-02-05,sz001211,0.4249768974748113,0.4319349380621606,0.39045421626699534,0.39045421626699534,52436742.5453186,14.59000015258789,0.0,-0.0999382494374439,0.02676176916953211
2024-02-06,sz001211,0.35566391124220126,0.3677067022640883,0.351382032258598,0.3559315350591794,144374610.49468994,13.300000190734863,0.0,-0.08841672024411973,0.02676176916953211
2024-02-07,sz001211,0.3612838837886835,0.36262197735156243,0.32033838410546267,0.33077545774749256,198560415.2826233,12.359999656677246,0.0,-0.07067673087045867,0.02676176916953211
2024-02-08,sz001211,0.31150700232127804,0.35298772411644325,0.30615462806976207,0.3519172543705424,149055541.68449402,13.149999618530272,0.0,0.06391585629423902,0.02676176916953211
2024-02-19,sz001211,0.3602134140427827,0.3733266748105705,0.35566391124220126,0.3690447958269673,128145115.45463562,13.789999961853027,0.0,0.04866922904095761,0.02676176916953211
2024-02-20,sz001211,0.3690447958269673,0.3867075593953366,0.366101010406243,0.38429899608655677,63053790.99977875,14.359999656677246,0.0,0.041334278201667685,0.02676176916953211
2024-02-21,sz001211,0.3867075593953366,0.4214978644201307,0.3770733316822293,0.4032998532178051,97155534.95469666,15.06999969482422,0.0,0.04944290077450186,0.02676176916953211
2024-02-22,sz001211,0.40677888627248565,0.4214978644201307,0.40410272466873964,0.4156102680566703,64227816.52107239,15.529999732971191,0.0,0.030524223454692967,0.02676176916953211
2024-02-23,sz001211,0.4225683341660315,0.43247018569611695,0.4137369523818469,0.4313997414722281,73662768.2389679,16.1200008392334,0.0,0.03799105707707118,0.02676176916953211
2024-02-26,sz001211,0.4399634994394345,0.46164051817442886,0.4332730571470515,0.44745676213872826,72229454.9270935,16.719999313354492,0.0,0.0372207470771837,0.02676176916953211
2024-02-27,sz001211,0.4536120078411788,0.4586967072316927,0.44290725933814684,0.457893886824782,65036806.38504028,17.110000610351562,0.0,0.023325437381182867,0.02676176916953211
2024-02-28,sz001211,0.46164051817442886,0.46940145573472464,0.41213123500198967,0.41213123500198967,129892683.02775574,15.399999618530272,0.0,-0.09994160904861327,0.02676176916953211
2024-02-29,sz001211,0.3936656255046978,0.42604736722071207,0.3936656255046978,0.4188216772943727,108377625.62058258,15.649999618530272,0.0,0.016233766635888935,0.02676176916953211
2024-03-01,sz001211,0.4214978644201307,0.4276530590785574,0.41079316696112267,0.42096261678617436,72311362.81539917,15.729999542236328,0.0,0.005111816335850561,0.02676176916953211
2024-03-04,sz001211,0.4214978644201307,0.43247018569611695,0.407314133906442,0.4201597708572517,53445644.454193115,15.699999809265137,0.0,-0.0019071668051000579,0.02676176916953211
2024-03-05,sz001211,0.4174836092535057,0.4188216772943727,0.4035674770347833,0.4051731944146404,45718203.16696167,15.140000343322754,0.0,-0.035668756225838094,0.02676176916953211
2024-03-06,sz001211,0.40222938347190423,0.4182864551824283,0.4016941613599598,0.41534266976170403,43441074.19189453,15.520000457763672,0.0,0.025099082286911045,0.02676176916953211
2024-03-07,sz001211,0.41534266976170403,0.4247092736578331,0.41159601289004527,0.4148074221277477,40174997.14570618,15.5,0.0,-0.0012886892508864323,0.02676176916953211
2024-03-08,sz001211,0.4161455156906267,0.4201597708572517,0.40945507339824366,0.41989214704027356,35195729.92477417,15.6899995803833,0.0,0.012258037444083936,0.02676176916953211
2024-03-11,sz001211,0.4228359579830097,0.4265825893326566,0.4161455156906267,0.4255121195867557,31858506.61064148,15.899999618530272,0.0,0.01338432401295453,0.02676176916953211
2024-03-12,sz001211,0.4255121195867557,0.43594924427280946,0.4228359579830097,0.4356816204558313,42749752.1838913,16.280000686645508,0.0,0.02389943881963208,0.02676176916953211
2024-03-13,sz001211,0.4391606279885,0.4399634994394345,0.4268502131496347,0.43461112518791856,34564119.96308136,16.239999771118164,0.0,-0.0024570585896938058,0.02676176916953211
2024-03-14,sz001211,0.43247018569611695,0.4375549361306547,0.4255121195867557,0.4343435013709404,46707524.90545654,16.229999542236328,0.0,-0.0006157776491857447,0.02676176916953211
2024-03-15,sz001211,0.4335406809640297,0.44531582264692665,0.42845593052949194,0.44424537842303774,45841513.400268555,16.600000381469727,0.0,0.022797341322809084,0.02676176916953211
2024-03-18,sz001211,0.4522738887562879,0.45949957868262725,0.44718913832175006,0.45735863919082564,50813344.64046478,17.09000015258789,0.0,0.029518057822766286,0.02676176916953211
2024-03-19,sz001211,0.4621757658083852,0.4661900209750103,0.4584290834147145,0.45976720249960545,53958054.52368927,17.18000030517578,0.0,0.005266246447298117,0.02676176916953211
2024-03-20,sz001211,0.4624433896253634,0.4683309604668119,0.457893886824782,0.4680633366498337,41234194.68307495,17.489999771118164,0.0,0.018044206078913216,0.02676176916953211
2024-03-21,sz001211,0.4707395237755917,0.4750214027591949,0.4568233915568693,0.46913383191774644,62017574.00588989,17.530000686645508,0.0,0.0022870735306355083,0.02676176916953211
2024-03-22,sz001211,0.4731480870843715,0.4750214027591949,0.45709101537384744,0.45976720249960545,51685671.12426758,17.18000030517578,0.0,-0.01996579393954956,0.02676176916953211
2024-03-25,sz001211,0.4648519529341432,0.46993665232465714,0.4520062649393097,0.45521769969902404,45845250.07400513,17.010000228881836,0.0,-0.009895231273233995,0.02676176916953211
2024-03-26,sz001211,0.4544148282480895,0.4600348263165836,0.4479920097726846,0.45495007588204583,44544887.61367798,17.0,0.0,-0.0005879029245899892,0.02676176916953211
2024-03-27,sz001211,0.45495007588204583,0.4603024501335618,0.44692156554879575,0.44692156554879575,45393112.55187988,16.700000762939453,0.0,-0.017647013944738,0.02676176916953211
2024-03-28,sz001211,0.44317488315512504,0.46164051817442886,0.44317488315512504,0.4608376467234943,51741609.130104065,17.219999313354492,0.0,0.031137636326880713,0.02676176916953211
2024-03-29,sz001211,0.4611052705404725,0.4669928924259448,0.4584290834147145,0.4648519529341432,27374871.794128418,17.3700008392334,0.0,0.008710890351927958,0.02676176916953211
2024-04-01,sz001211,0.46779571283285554,0.4825147165025125,0.46779571283285554,0.48171184505157794,54144402.44293213,18.0,0.0,0.036269379984348094,0.02676176916953211
2024-04-02,sz001211,0.48171184505157794,0.4918812948766297,0.4803737770107109,0.489740355384828,53542797.971343994,18.299999237060547,0.0,0.016666624281141518,0.02676176916953211
2024-04-03,sz001211,0.489740355384828,0.5023184195626834,0.4827823403194907,0.489740355384828,64338048.39630127,18.299999237060547,0.0,0.0,0.02676176916953211
2024-04-08,sz001211,0.49696604531116745,0.50044510388786,0.4635138338492523,0.4667252686089666,75514439.54238892,17.440000534057617,0.0,-0.04699446660420015,0.02676176916953211
2024-04-09,sz001211,0.4667252686089666,0.48519085258424666,0.4667252686089666,0.4827823403194907,51749194.57778931,18.040000915527344,0.0,0.034403690544505316,0.02676176916953211
2024-04-10,sz001211,0.4825147165025125,0.4825147165025125,0.4600348263165836,0.464584329117165,57559722.23815918,17.360000610351562,0.0,-0.037694028307420635,0.02676176916953211
2024-04-11,sz001211,0.4629785862152959,0.4747537789422167,0.45495007588204583,0.46378145766623047,31965562.313194275,17.329999923706055,0.0,-0.0017281500916318526,0.02676176916953211
2024-04-12,sz001211,0.4661900209750103,0.49589560108727854,0.4653871495240757,0.47448615512523856,72652147.46017456,17.729999542236328,0.0,0.023081339889857944,0.02676176916953211
2024-04-15,sz001211,0.46886620810076823,0.46966902850767894,0.42711783696661293,0.42711783696661293,118204404.94649506,15.960000038146973,0.0,-0.09983076986961392,0.02676176916953211
2024-04-16,sz001211,0.4201597708572517,0.42337118009495417,0.38429899608655677,0.38429899608655677,83309140.95687866,14.359999656677246,0.0,-0.10025065022841273,0.02676176916953211
2024-04-17,sz001211,0.3760028619363285,0.4161455156906267,0.37573523811935033,0.4134693285648687,99227894.20899963,15.449999809265137,0.0,0.07590530491977088,0.02676176916953211
2024-04-18,sz001211,0.4134693285648687,0.4273854607835911,0.40490557059766225,0.4201597708572517,85781361.66773224,15.699999809265137,0.0,0.01618122997322491,0.02676176916953211
2024-04-19,sz001211,0.41962454874530725,0.4217654882371089,0.40651126245550745,0.4134693285648687,62806012.16430664,15.449999809265137,0.0,-0.01592356707243181,0.02676176916953211
2024-04-22,sz001211,0.4174836092535057,0.4174836092535057,0.39500371906757675,0.40463794678068404,49118464.167030334,15.119999885559082,0.0,-0.021359218626537335,0.02676176916953211
2024-04-23,sz001211,0.40677888627248565,0.42711783696661293,0.40624366416054114,0.4228359579830097,57974493.0229187,15.800000190734863,0.0,0.04497356549752629,0.02676176916953211
2024-04-24,sz001211,0.4225683341660315,0.43728731231367657,0.4204273946742299,0.43594924427280946,48068570.947265625,16.290000915527344,0.0,0.03101270372640985,0.02676176916953211
2024-04-25,sz001211,0.43675206467972016,0.44558344646390485,0.43594924427280946,0.44531582264692665,44949532.01261139,16.639999389648438,0.0,0.021485479094570215,0.02676176916953211
2024-04-26,sz001211,0.4439777546060596,0.4565557677398911,0.4340758775539622,0.45521769969902404,62396061.6886673,17.010000228881836,0.0,0.022235628173374433,0.02676176916953211
2024-04-29,sz001211,0.47582427421012946,0.47582427421012946,0.4437101307890814,0.4635138338492523,89997786.94534302,17.31999969482422,0.0,0.018224542138219668,0.02676176916953211
2024-04-30,sz001211,0.4624433896253634,0.4776975898849529,0.4560205711499586,0.4726128394504151,100056501.61008453,17.65999984741211,0.0,0.019630494144263322,0.02676176916953211
2024-05-06,sz001211,0.48197946886855614,0.483049913092445,0.47368333471832785,0.4793032817427981,80855229.94733429,17.90999984741211,0.0,0.014156285513028166,0.02676176916953211
2024-05-07,sz001211,0.4793032817427981,0.48572610021820306,0.4785004102918636,0.4835851607264014,49792186.441734314,18.06999969482422,0.0,0.008933548228657662,0.02676176916953211
2024-05-08,sz001211,0.4835851607264014,0.48840228734396096,0.47555665039315126,0.47689471843401837,40404653.11355591,17.81999969482422,0.0,-0.013835086011186104,0.02676176916953211
2024-05-09,sz001211,0.4811765974176216,0.4838527845433795,0.4771623422509965,0.48171184505157794,36937019.886016846,18.0,0.0,0.010101027399459506,0.02676176916953211
2024-05-10,sz001211,0.4838527845433795,0.4849232798112923,0.47100714759256984,0.47448615512523856,32198917.588043213,17.729999542236328,0.0,-0.015000025431315067,0.02676176916953211
2024-05-13,sz001211,0.46886620810076823,0.47448615512523856,0.4629785862152959,0.46779571283285554,27920426.15966797,17.479999542236328,0.0,-0.014100395175107083,0.02676176916953211
2024-05-14,sz001211,0.4603024501335618,0.47823283751890927,0.4603024501335618,0.47341571090134965,33346076.4251709,17.690000534057617,0.0,0.012013787032080447,0.02676176916953211
2024-05-15,sz001211,0.47341571090134965,0.47983852937675453,0.46886620810076823,0.4726128394504151,28406193.745422363,17.65999984741211,0.0,-0.0016959121390499599,0.02676176916953211
2024-05-16,sz001211,0.4726128394504151,0.48438803217733595,0.4659223971580321,0.4801061531937327,42157153.0960083,17.940000534057617,0.0,0.015855078655991006,0.02676176916953211
2024-05-17,sz001211,0.4811765974176216,0.4867965954861157,0.4793032817427981,0.48652897166913756,43427622.16644287,18.18000030517578,0.0,0.013377913264971397,0.02676176916953211
2024-05-20,sz001211,0.48599372403518115,0.489740355384828,0.4801061531937327,0.48064134978366524,38674535.80678558,17.959999084472656,0.0,-0.01210127706326225,0.02676176916953211
2024-05-21,sz001211,0.47903565792582,0.48412040836035775,0.4731480870843715,0.4774299660679747,27524338.74359131,17.84000015258789,0.0,-0.006681455345312948,0.02676176916953211
2024-05-22,sz001211,0.47635947080006197,0.48064134978366524,0.4704718999586135,0.4731480870843715,25327174.586486816,17.68000030517578,0.0,-0.00896860123562837,0.02676176916953211
2024-05-23,sz001211,0.4739509074912822,0.47421853130826036,0.45521769969902404,0.4581615106417602,37209797.06878662,17.1200008392334,0.0,-0.031674177391187275,0.02676176916953211
2024-05-24,sz001211,0.457893886824782,0.4621757658083852,0.4522738887562879,0.457893886824782,28361353.660583496,17.110000610351562,0.0,-0.000584125490164622,0.02676176916953211
2024-05-27,sz001211,0.4603024501335618,0.4685985842837901,0.4479920097726846,0.4608376467234943,33686113.735198975,17.219999313354492,0.0,0.006428912862596947,0.02676176916953211
2024-05-28,sz001211,0.4603024501335618,0.4627110134423416,0.44986532544750807,0.4517386411223315,28996588.19580078,16.8799991607666,0.0,-0.019744492807512115,0.02676176916953211
2024-05-29,sz001211,0.4536120078411788,0.46164051817442886,0.44504819882994845,0.4584290834147145,26052089.291381836,17.1299991607666,0.0,0.014810427276623628,0.02676176916953211
2024-05-30,sz001211,0.4565557677398911,0.4581615106417602,0.44959770163052987,0.4520062649393097,29396412.285614014,16.889999389648438,0.0,-0.014010495205851736,0.02676176916953211
2024-05-31,sz001211,0.4538795806141331,0.4603024501335618,0.44879488122361916,0.45709101537384744,25880202.29949951,17.079999923706055,0.0,0.011249291943377093,0.02676176916953211
2024-06-03,sz001211,0.4584290834147145,0.4669928924259448,0.42310358179998786,0.4332730571470515,71045377.75344849,16.190000534057617,0.0,-0.052107692835125285,0.02676176916953211
2024-06-04,sz001211,0.42524452129178947,0.4319349380621606,0.41507504594472583,0.4244416498408549,55781065.53955078,15.859999656677246,0.0,-0.02038300596014031,0.02676176916953211
2024-06-05,sz001211,0.4255121195867557,0.4255121195867557,0.41507504594472583,0.41641313950760483,47590276.708984375,15.5600004196167,0.0,-0.01891546302362268,0.02676176916953211
2024-06-06,sz001211,0.4145397983107695,0.4214978644201307,0.3872428070292929,0.3931303778707414,59342115.61050415,14.6899995803833,0.0,-0.055912648828503664,0.02676176916953211
2024-06-07,sz001211,0.40142653754298163,0.4223007103490533,0.3982151283052792,0.41962454874530725,50687979.23660278,15.68000030517578,0.0,0.06739283547118036,0.02676176916953211
2024-06-11,sz001211,0.41694836161954935,0.4190893011113509,0.4035674770347833,0.4145397983107695,42618968.60311127,15.489999771118164,0.0,-0.012117380762734942,0.02676176916953211
2024-06-12,sz001211,0.4118636367070234,0.4265825893326566,0.40945507339824366,0.4241740515458887,42665340.72418213,15.850000381469728,0.0,0.023240840262812812,0.02676176916953211
2024-06-13,sz001211,0.4241740515458887,0.4289911781634483,0.4190893011113509,0.42604736722071207,37049120.09811401,15.920000076293944,0.0,0.004416384425204978,0.02676176916953211
2024-06-14,sz001211,0.4255121195867557,0.4265825893326566,0.41534266976170403,0.42310358179998786,33136822.69592285,15.8100004196167,0.0,-0.0069095261400810015,0.02676176916953211
2024-06-17,sz001211,0.42310358179998786,0.42524452129178947,0.40945507339824366,0.41106076525608887,33196609.475708008,15.359999656677246,0.0,-0.028463045603787762,0.02676176916953211
2024-06-18,sz001211,0.40918744958126546,0.4188216772943727,0.40544079270960665,0.4182864551824283,33734839.96072388,15.630000114440918,0.0,0.017578155195224765,0.02676176916953211
2024-06-19,sz001211,0.41855407899940644,0.42524452129178947,0.4148074221277477,0.41989214704027356,22143528.562927246,15.6899995803833,0.0,0.003838737396229863,0.02676176916953211
2024-06-20,sz001211,0.4190893011113509,0.42096261678617436,0.40651126245550745,0.40918744958126546,32314754.473876953,15.289999961853027,0.0,-0.02549392155691199,0.02676176916953211
2024-06-21,sz001211,0.40918744958126546,0.4148074221277477,0.3995532218681581,0.4148074221277477,26698533.847808838,15.5,0.0,0.013734469501039959,0.02676176916953211
2024-06-24,sz001211,0.40945507339824366,0.40945507339824366,0.38858090059217193,0.3909894383789398,49073736.182403564,14.609999656677246,0.0,-0.05741937698856481,0.02676176916953211
2024-06-25,sz001211,0.39259515575879694,0.40410272466873964,0.391257062195918,0.397947504488301,32415345.73086548,14.869999885559082,0.0,0.017796046200658777,0.02676176916953211
2024-06-26,sz001211,0.3974122823763566,0.4180188313654501,0.3936656255046978,0.4174836092535057,35908649.90697479,15.600000381469728,0.0,0.04909216553657014,0.02676176916953211
2024-06-27,sz001211,0.4172159854365275,0.42631499103769027,0.41213123500198967,0.41320170474789053,30102643.621826172,15.4399995803833,0.0,-0.010256461357301183,0.02676176916953211
2024-06-28,sz001211,0.41668073780257114,0.4172159854365275,0.40463794678068404,0.40784935601838646,24579839.839172363,15.239999771118164,0.0,-0.012953355874389949,0.02676176916953211
2024-07-01,sz001211,0.4097226972152218,0.41534266976170403,0.4016941613599598,0.41213123500198967,21966970.728874207,15.399999618530272,0.0,0.010498677809387402,0.02676176916953211
2024-07-02,sz001211,0.41159601289004527,0.4212302406031525,0.4102579193271663,0.4201597708572517,28581817.41104126,15.699999809265137,0.0,0.019480532348447932,0.02676176916953211
2024-07-03,sz001211,0.41641313950760483,0.4214978644201307,0.4137369523818469,0.41641313950760483,17289589.379119873,15.5600004196167,0.0,-0.008917158684665694,0.02676176916953211
2024-07-04,sz001211,0.4188216772943727,0.4214978644201307,0.3971446585593784,0.3987503504172236,37468262.791145325,14.899999618530272,0.0,-0.042416502781989385,0.02676176916953211
2024-07-05,sz001211,0.3987503504172236,0.40945507339824366,0.3920599081248406,0.407314133906442,31630943.18008423,15.220000267028809,0.0,0.021476554140348547,0.02676176916953211
2024-07-08,sz001211,0.4035674770347833,0.407314133906442,0.3955389411795212,0.39687703474240027,30879871.759033203,14.829999923706056,0.0,-0.025624200819996834,0.02676176916953211
2024-07-09,sz001211,0.39687703474240027,0.4030322549228388,0.38563708964943577,0.40249700728888244,34530601.99966431,15.039999961853027,0.0,0.01416048814749371,0.02676176916953211
2024-07-10,sz001211,0.3987503504172236,0.40142653754298163,0.3880456529582156,0.3909894383789398,37179903.67889404,14.609999656677246,0.0,-0.02859044589537374,0.02676176916953211
2024-07-11,sz001211,0.3990179742342018,0.41132838907306707,0.3990179742342018,0.40918744958126546,63934487.632751465,15.289999961853027,0.0,0.04654348536312236,0.02676176916953211
2024-07-12,sz001211,0.40891982576428726,0.4174836092535057,0.40570841652658485,0.40918744958126546,38043075.31204224,15.289999961853027,0.0,0.0,0.02676176916953211
2024-07-15,sz001211,0.4097226972152218,0.4118636367070234,0.39634181263045576,0.3990179742342018,34743592.402648926,14.90999984741211,0.0,-0.02485285254342573,0.02676176916953211
2024-07-16,sz001211,0.3974122823763566,0.40035606779708083,0.3928627795757751,0.397947504488301,26564013.593292236,14.869999885559082,0.0,-0.0026827607151163058,0.02676176916953211
2024-07-17,sz001211,0.3982151283052792,0.40142653754298163,0.3923275319418188,0.3931303778707414,25614898.46420288,14.6899995803833,0.0,-0.012104929829258926,0.02676176916953211
2024-07-18,sz001211,0.3936656255046978,0.3942008476166422,0.38001711710295355,0.38858090059217193,21534450.743865967,14.520000457763672,0.0,-0.011572438902356486,0.02676176916953211
2024-07-19,sz001211,0.3851018675374913,0.39607418881347756,0.38242568041173336,0.38991896863303904,29882179.87136841,14.56999969482422,0.0,0.0034434735181991805,0.02676176916953211
2024-07-22,sz001211,0.39018659245001724,0.3974122823763566,0.3883132767751937,0.3958065649964994,22154738.584136963,14.789999961853027,0.0,0.015099538204311536,0.02676176916953211
2024-07-23,sz001211,0.39634181263045576,0.4027646311058606,0.38938374652109453,0.39018659245001724,23288333.29560089,14.579999923706056,0.0,-0.014198785577323347,0.02676176916953211
2024-07-24,sz001211,0.3875104053242592,0.39045421626699534,0.38081996303187615,0.38456661990353497,25521481.620788574,14.369999885559082,0.0,-0.014403294872829764,0.02676176916953211
2024-07-25,sz001211,0.38429899608655677,0.3958065649964994,0.3786790235400745,0.3888484988871382,24243539.20288086,14.529999732971191,0.0,0.01113429705541602,0.02676176916953211
2024-07-26,sz001211,0.3928627795757751,0.40249700728888244,0.38965137033807273,0.39848275212225737,38566209.63516235,14.890000343322754,0.0,0.024776367306783564,0.02676176916953211
2024-07-29,sz001211,0.3974122823763566,0.40142653754298163,0.38965137033807273,0.3976798806713228,27849429.358673096,14.859999656677246,0.0,-0.002014821084874052,0.02676176916953211
2024-07-30,sz001211,0.3987503504172236,0.4035674770347833,0.3955389411795212,0.40035606779708083,31275959.175109863,14.960000038146973,0.0,0.006729500927329601,0.02676176916953211
2024-07-31,sz001211,0.40490557059766225,0.4148074221277477,0.4016941613599598,0.414004576198825,35419930.348968506,15.470000267028809,0.0,0.03409092430356764,0.02676176916953211
2024-08-01,sz001211,0.4156102680566703,0.41962454874530725,0.4123988588189679,0.41320170474789053,33753373.862457275,15.4399995803833,0.0,-0.001939281585498609,0.02676176916953211
2024-08-02,sz001211,0.4148074221277477,0.4156102680566703,0.4075817322014083,0.40918744958126546,26556540.24581909,15.289999961853027,0.0,-0.009715001464174255,0.02676176916953211
2024-08-05,sz001211,0.408652227469321,0.4156102680566703,0.40410272466873964,0.40811697983536466,55769855.518341064,15.25,0.0,-0.0026160864586541877,0.02676176916953211
2024-08-06,sz001211,0.40811697983536466,0.4145397983107695,0.4016941613599598,0.414004576198825,45168912.12768555,15.470000267028809,0.0,0.014426247018282545,0.02676176916953211
2024-08-07,sz001211,0.414004576198825,0.4172159854365275,0.408652227469321,0.41079316696112267,23604567.993927002,15.350000381469728,0.0,-0.00775694140192329,0.02676176916953211
2024-08-08,sz001211,0.41052554314414447,0.41293410645292417,0.40410272466873964,0.4123988588189679,19602590.422058105,15.40999984741211,0.0,0.003908759899107883,0.02676176916953211
2024-08-09,sz001211,0.4148074221277477,0.41694836161954935,0.41213123500198967,0.412666482635946,20817009.38644409,15.420000076293944,0.0,0.0006489441259478479,0.02676176916953211
2024-08-12,sz001211,0.4118636367070234,0.4148074221277477,0.40704651008946385,0.4118636367070234,23021646.89102173,15.390000343322754,0.0,-0.0019455079651594653,0.02676176916953211
2024-08-13,sz001211,0.412666482635946,0.4172159854365275,0.40490557059766225,0.4148074221277477,18362014.741516113,15.5,0.0,0.007147475907950396,0.02676176916953211
2024-08-14,sz001211,0.4148074221277477,0.4158778918736485,0.41052554314414447,0.41159601289004527,14797227.996826172,15.380000114440918,0.0,-0.0077419281005859375,0.02676176916953211
2024-08-15,sz001211,0.41106076525608887,0.4158778918736485,0.4051731944146404,0.4118636367070234,20163091.482543945,15.390000343322754,0.0,0.0006502099354632751,0.02676176916953211
2024-08-16,sz001211,0.41079316696112267,0.4172159854365275,0.40624366416054114,0.40918744958126546,20510602.140045166,15.289999961853027,0.0,-0.00649775043787526,0.02676176916953211
2024-08-19,sz001211,0.405976040343563,0.41079316696112267,0.40249700728888244,0.40463794678068404,20473235.402679443,15.119999885559082,0.0,-0.011118383042385771,0.02676176916953211
2024-08-20,sz001211,0.40463794678068404,0.405976040343563,0.3920599081248406,0.39393324932167595,22106161.825561523,14.720000267028809,0.0,-0.026455001425780944,0.02676176916953211
2024-08-21,sz001211,0.3920599081248406,0.39607418881347756,0.3880456529582156,0.3909894383789398,14849541.429138184,14.609999656677246,0.0,-0.0074728674154953545,0.02676176916953211
2024-08-22,sz001211,0.3909894383789398,0.39500371906757675,0.3888484988871382,0.391257062195918,16147549.785011292,14.619999885559082,0.0,0.0006844783789754505,0.02676176916953211
2024-08-23,sz001211,0.3907218400839736,0.3907218400839736,0.38001711710295355,0.3829609280456897,39273823.54065704,14.3100004196167,0.0,-0.021203794006085075,0.02676176916953211
2024-08-26,sz001211,0.383228526340656,0.3928627795757751,0.37814380142813014,0.39045421626699534,34037361.06643677,14.59000015258789,0.0,0.01956671731381343,0.02676176916953211
2024-08-27,sz001211,0.3907218400839736,0.3942008476166422,0.3829609280456897,0.38456661990353497,27019887.789154053,14.369999885559082,0.0,-0.015078839254829335,0.02676176916953211
2024-08-28,sz001211,0.38456661990353497,0.3971446585593784,0.3826933042287115,0.3936656255046978,26481806.771087646,14.710000038146973,0.0,0.023660414425581866,0.02676176916953211
2024-08-29,sz001211,0.3933980016877196,0.3982151283052792,0.3891161227041164,0.3976798806713228,17334429.46395874,14.859999656677246,0.0,0.010197118840332031,0.02676176916953211
2024-08-30,sz001211,0.3974122823763566,0.40544079270960665,0.3915246860128962,0.4030322549228388,27348715.077972412,15.0600004196167,0.0,0.013459001854659203,0.02676176916953211
2024-09-02,sz001211,0.3998208201631244,0.40811697983536466,0.3998208201631244,0.400623691614059,22094951.804351807,14.970000267028809,0.0,-0.005976105583015756,0.02676176916953211
2024-09-03,sz001211,0.4008912899090253,0.4051731944146404,0.39687703474240027,0.3995532218681581,19681060.570526123,14.93000030517578,0.0,-0.0026720080921527334,0.02676176916953211
2024-09-04,sz001211,0.39928559805117997,0.400623691614059,0.3907218400839736,0.3920599081248406,19285010.52118683,14.649999618530272,0.0,-0.018754231809924304,0.02676176916953211
2024-09-05,sz001211,0.3920599081248406,0.3982151283052792,0.3909894383789398,0.3976798806713228,15899546.74911499,14.859999656677246,0.0,0.014334473966904016,0.02676176916953211
2024-09-06,sz001211,0.397947504488301,0.3998208201631244,0.38563708964943577,0.3869751832123148,25271124.480438232,14.460000038146973,0.0,-0.026917875354763976,0.02676176916953211
2024-09-09,sz001211,0.38858090059217193,0.3928627795757751,0.38081996303187615,0.38965137033807273,16284424.143981934,14.5600004196167,0.0,0.0069156556850564765,0.02676176916953211
2024-09-10,sz001211,0.38965137033807273,0.3955389411795212,0.3875104053242592,0.39500371906757675,17229802.599334717,14.760000228881836,0.0,0.01373625024046543,0.02676176916953211
2024-09-11,sz001211,0.3944684714336204,0.3958065649964994,0.3875104053242592,0.3907218400839736,14221780.241394043,14.600000381469728,0.0,-0.010840097895054579,0.02676176916953211
2024-09-12,sz001211,0.3933980016877196,0.3958065649964994,0.3875104053242592,0.38991896863303904,16560938.000488281,14.56999969482422,0.0,-0.0020548414973731166,0.02676176916953211
2024-09-13,sz001211,0.38991896863303904,0.39045421626699534,0.3816228344828107,0.3816228344828107,17495106.434631348,14.260000228881836,0.0,-0.021276559535722384,0.02676176916953211
2024-09-18,sz001211,0.3837637739746123,0.38403139779159057,0.3612838837886835,0.3722562050646697,33402126.531219482,13.90999984741211,0.0,-0.024544205880224657,0.02676176916953211
2024-09-19,sz001211,0.37252382888164787,0.3864399355783584,0.36984764175588997,0.38456661990353497,30775431.72809601,14.369999885559082,0.0,0.03306973710949057,0.02676176916953211
2024-09-20,sz001211,0.3853694658324575,0.3867075593953366,0.37814380142813014,0.38001711710295355,22382675.68206787,14.199999809265137,0.0,-0.011830207212790933,0.02676176916953211
2024-09-23,sz001211,0.37894664735705275,0.3958065649964994,0.3762704857533067,0.38242568041173336,49387616.776275635,14.289999961853027,0.0,0.006338038999772921,0.02676176916953211
2024-09-24,sz001211,0.38483424372051317,0.3942008476166422,0.3837637739746123,0.3942008476166422,36159791.748809814,14.729999542236328,0.0,0.030790733489004518,0.02676176916953211
2024-09-25,sz001211,0.397947504488301,0.4051731944146404,0.397947504488301,0.40142653754298163,27344978.40423584,15.0,0.0,0.018329970546806962,0.02676176916953211
2024-09-26,sz001211,0.4016941613599598,0.40891982576428726,0.3971446585593784,0.40891982576428726,30775244.89440918,15.279999732971191,0.0,0.018666648864746005,0.02676176916953211
2024-09-27,sz001211,0.41507504594472583,0.42310358179998786,0.4097226972152218,0.4225683341660315,51325792.0766983,15.789999961853027,0.0,0.03337697891324942,0.02676176916953211
2024-09-30,sz001211,0.4354139966388531,0.46057002290651616,0.4247092736578331,0.45735863919082564,105706763.33389282,17.09000015258789,0.0,0.08233060125874148,0.02676176916953211
2024-10-08,sz001211,0.5020507957457053,0.5020507957457053,0.4584290834147145,0.4827823403194907,119734049.70729828,18.040000915527344,0.0,0.05558810734098185,0.02676176916953211
2024-10-09,sz001211,0.47635947080006197,0.47635947080006197,0.4362168170457638,0.4362168170457638,92322782.71097565,16.299999237060547,0.0,-0.09645241630609602,0.02676176916953211
2024-10-10,sz001211,0.4386253803545436,0.4520062649393097,0.43032924620431534,0.4394282518054782,73511582.41958618,16.420000076293945,0.0,0.007362015021482815,0.02676176916953211
2024-10-11,sz001211,0.441836815114258,0.4434425069721032,0.4204273946742299,0.4255121195867557,56065052.74353027,15.899999618530272,0.0,-0.03166872444260305,0.02676176916953211
2024-10-14,sz001211,0.4335406809640297,0.44424537842303774,0.42604736722071207,0.4402311232564127,72364423.5824585,16.450000762939453,0.0,0.03459126777388066,0.02676176916953211
2024-10-15,sz001211,0.44049869602936703,0.44718913832175006,0.433808253736984,0.4375549361306547,42493416.36556244,16.350000381469727,0.0,-0.006079050263329999,0.02676176916953211
2024-10-16,sz001211,0.441836815114258,0.44451300224001594,0.42925880198042643,0.4413015674803016,34459605.19866943,16.489999771118164,0.0,0.008562653601348336,0.02676176916953211
